1024 1024 1024
354 386 372
390 276 358
379 375 248
323 365 280
306 365 295
368 263 339
367 318 266
334 286 276
305 283 304
288 306 294
286 289 285
268 322 262
306 239 306
296 285 260
268 268 302
293 304 240
307 254 265
251 306 261
232 290 293
238 274 286
251 254 287
289 253 250
275 304 218
263 289 236
252 254 272
254 285 234
277 236 257
269 208 290
239 290 234
249 240 269
277 238 243
279 225 254
278 262 217
251 222 279
226 278 246
235 217 300
226 223 303
214 307 232
247 244 245
269 251 217
284 223 231
214 295 222
238 222 253
211 283 222
235 234 234
215 212 281
212 205 211
154 182 178
179 182 153
167 180 159
166 167 163
151 159 183
184 142 165
150 155 182
153 152 170
174 127 176
161 179 133
120 181 176
168 168 133
129 181 158
174 134 155
174 125 163
147 163 147
163 132 162
141 147 166
178 164 117
129 176 143
137 183 126
166 119 158
183 144 114
96 182 171
175 148 115
167 157 112
91 175 183
135 165 130
158 160 114
114 140 173
155 134 130
139 109 178
170 148 105
155 132 129
107 178 136
172 88 168
102 151 165
121 173 121
158 97 165
124 174 116
122 151 135
117 177 120
100 163 152
99 154 161
154 184 85
161 165 90
118 138 145
121 140 139
156 97 154
146 130 122
166 84 165
126 123 148
116 184 107
127 143 125
100 156 145
158 169 84
122 100 183
121 166 110
132 149 112
154 173 82
132 127 130
154 108 129
180 90 132
170 98 128
114 162 111
135 125 120
146 110 122
138 88 161
128 168 89
93 127 161
163 81 143
169 93 119
108 164 105
140 75 177
158 100 116
171 107 100
126 139 104
104 147 117
182 113 86
148 96 124
152 166 68
94 161 111
135 158 78
167 59 168
91 162 112
126 81 161
116 136 103
92 119 148
82 117 168
142 79 142
180 97 91
159 178 56
184 140 61
92 166 102
175 56 157
184 52 159
70 134 160
120 164 75
147 88 112
111 74 176
69 136 154
92 173 90
75 117 163
141 183 55
161 61 144
153 114 81
76 145 126
69 146 137
115 149 80
180 110 69
130 128 82
164 68 121
86 86 182
55 176 139
112 100 120
107 90 136
74 97 181
63 121 167
184 57 119
93 135 99
63 160 122
64 127 151
71 172 100
163 107 70
62 160 122
177 72 94
145 112 73
124 115 83
62 124 148
162 62 111
111 95 101
72 141 101
83 122 99
85 101 115
77 89 142
65 96 155
64 116 128
105 94 96
58 98 166
75 160 78
87 139 77
76 103 118
56 179 92
131 73 96
140 119 55
167 83 66
154 74 80
82 118 94
111 76 107
113 67 117
80 106 104
88 62 161
88 121 81
56 87 176
54 157 101
96 69 126
99 99 85
104 81 98
111 115 64
71 78 146
59 134 102
182 63 67
92 151 55
140 79 69
89 101 84
91 72 115
91 62 132
141 82 63
104 101 69
78 90 101
96 54 129
85 71 108
63 168 60
72 81 105
62 171 57
90 89 75
94 82 77
94 72 85
59 105 92
60 131 70
80 101 67
75 134 53
62 90 95
54 185 53
55 111 86
81 75 86
116 79 56
52 83 116
151 57 57
99 76 65
58 147 57
111 69 57
97 69 64
64 64 104
91 67 68
119 59 59
150 52 53
58 79 86
74 64 79
66 56 99
60 94 54
52 54 103
75 56 65
