Найден на шаге: 985
Энергетическая функция: 0.7587
(0, 0, 0)	(354, 386, 372)	XYZ
(354, 0, 0)	(390, 276, 358)	XYZ
(0, 0, 372)	(248, 375, 379)	ZYX
(0, 386, 0)	(323, 365, 280)	XYZ
(0, 386, 280)	(306, 365, 295)	XYZ
(354, 0, 358)	(368, 263, 339)	XYZ
(354, 276, 0)	(367, 266, 318)	ZXY
(354, 542, 0)	(334, 286, 276)	XYZ
(0, 386, 575)	(283, 304, 305)	YZX
(-1, -1, -1)	(288, 294, 306)	ZXY
(354, 542, 276)	(285, 286, 289)	YXZ
(744, 0, 0)	(268, 322, 262)	XYZ
(0, 751, 0)	(306, 239, 306)	XYZ
(-1, -1, -1)	(296, 285, 260)	XYZ
(354, 542, 565)	(268, 268, 302)	YXZ
(744, 0, 262)	(240, 304, 293)	XZY
(354, 0, 697)	(265, 254, 307)	ZYX
(744, 322, 0)	(251, 306, 261)	XYZ
(744, 0, 555)	(232, 290, 293)	XYZ
(0, 751, 306)	(286, 238, 274)	XYZ
(-1, -1, -1)	(254, 287, 251)	ZXY
(354, 276, 318)	(289, 250, 253)	XYZ
(0, 751, 580)	(275, 218, 304)	XZY
(354, 276, 571)	(289, 236, 263)	XYZ
(-1, -1, -1)	(252, 272, 254)	XZY
(0, 0, 751)	(234, 285, 254)	ZYX
(-1, -1, -1)	(277, 257, 236)	XZY
(-1, -1, -1)	(290, 208, 269)	XZY
(744, 322, 261)	(239, 290, 234)	XYZ
(744, 628, 0)	(240, 249, 269)	XZY
(744, 322, 495)	(238, 277, 243)	XYZ
(-1, -1, -1)	(279, 225, 254)	YXZ
(-1, -1, -1)	(262, 278, 217)	XYZ
(744, 322, 738)	(222, 251, 279)	YXZ
(744, 628, 269)	(226, 246, 278)	XYZ
(-1, -1, -1)	(217, 300, 235)	ZYX
(744, 628, 547)	(226, 223, 303)	YZX
(-1, -1, -1)	(214, 307, 232)	XYZ
(-1, -1, -1)	(245, 244, 247)	XZY
(-1, -1, -1)	(251, 217, 269)	YZX
(-1, -1, -1)	(223, 284, 231)	ZYX
(-1, -1, -1)	(295, 214, 222)	XYZ
(-1, -1, -1)	(238, 253, 222)	YZX
(-1, -1, -1)	(283, 211, 222)	XYZ
(-1, -1, -1)	(234, 234, 235)	YXZ
(-1, -1, -1)	(281, 212, 215)	ZXY
(-1, -1, -1)	(205, 211, 212)	YZX
(354, 828, 0)	(178, 154, 182)	XYZ
(354, 276, 834)	(182, 153, 179)	ZXY
(744, 0, 848)	(159, 180, 167)	YXZ
(744, 628, 850)	(167, 166, 163)	YXZ
(532, 828, 0)	(151, 183, 159)	ZYX
(532, 828, 159)	(142, 165, 184)	YZX
(354, 542, 867)	(150, 182, 155)	XZY
(354, 828, 182)	(152, 153, 170)	YZX
(0, 386, 880)	(174, 176, 127)	YZX
(-1, -1, -1)	(133, 179, 161)	YZX
(-1, -1, -1)	(120, 181, 176)	XYZ
(744, 877, 0)	(168, 133, 168)	XYZ
(744, 877, 168)	(158, 129, 181)	ZXY
(-1, -1, -1)	(134, 174, 155)	XZY
(-1, -1, -1)	(163, 125, 174)	ZYX
(354, 828, 352)	(147, 147, 163)	XYZ
(532, 828, 343)	(132, 163, 162)	ZXY
(-1, -1, -1)	(141, 166, 147)	YXZ
(-1, -1, -1)	(178, 117, 164)	XYZ
(0, 751, 884)	(176, 143, 129)	ZXY
(354, 828, 515)	(137, 126, 183)	XZY
(532, 828, 505)	(119, 158, 166)	YXZ
(504, 542, 867)	(114, 183, 144)	XZY
(-1, -1, -1)	(171, 182, 96)	XZY
(-1, -1, -1)	(115, 175, 148)	YZX
(-1, -1, -1)	(112, 167, 157)	ZXY
(-1, -1, -1)	(183, 175, 91)	YXZ
(-1, -1, -1)	(135, 165, 130)	YXZ
(-1, -1, -1)	(160, 114, 158)	YZX
(-1, -1, -1)	(140, 173, 114)	ZXY
(-1, -1, -1)	(155, 130, 134)	YXZ
(174, 386, 880)	(109, 178, 139)	XYZ
(248, 0, 372)	(105, 170, 148)	ZYX
(744, 877, 349)	(155, 129, 132)	YXZ
(-1, -1, -1)	(136, 178, 107)	XZY
(248, 170, 372)	(88, 172, 168)	ZYX
(-1, -1, -1)	(165, 151, 102)	ZYX
(-1, -1, -1)	(121, 173, 121)	ZXY
(248, 0, 520)	(97, 165, 158)	XZY
(-1, -1, -1)	(124, 174, 116)	YZX
(-1, -1, -1)	(122, 135, 151)	XYZ
(-1, -1, -1)	(120, 177, 117)	ZYX
(-1, -1, -1)	(152, 163, 100)	YZX
(-1, -1, -1)	(154, 161, 99)	ZXY
(619, 0, 697)	(85, 184, 154)	XYZ
(248, 0, 678)	(90, 165, 161)	XZY
(532, 828, 671)	(118, 145, 138)	YZX
(0, 562, 880)	(140, 121, 139)	YZX
(-1, -1, -1)	(156, 154, 97)	XYZ
(-1, -1, -1)	(122, 130, 146)	XYZ
(248, 170, 540)	(84, 165, 166)	ZYX
(744, 877, 481)	(148, 123, 126)	ZYX
(-1, -1, -1)	(184, 116, 107)	XYZ
(-1, -1, -1)	(143, 127, 125)	YXZ
(-1, -1, -1)	(156, 145, 100)	YXZ
(248, 0, 839)	(84, 158, 169)	XYZ
(536, 276, 834)	(100, 122, 183)	ZXY
(354, 828, 698)	(121, 110, 166)	ZYX
(744, 877, 607)	(132, 112, 149)	ZXY
(-1, -1, -1)	(173, 154, 82)	XZY
(-1, -1, -1)	(127, 132, 130)	ZYX
(532, 828, 809)	(108, 129, 154)	XYZ
(-1, -1, -1)	(180, 132, 90)	XYZ
(176, 751, 884)	(98, 170, 128)	YXZ
(-1, -1, -1)	(162, 111, 114)	ZYX
(-1, -1, -1)	(135, 120, 125)	ZXY
(-1, -1, -1)	(110, 122, 146)	YZX
(-1, -1, -1)	(88, 161, 138)	ZXY
(-1, -1, -1)	(89, 128, 168)	YXZ
(744, 180, 848)	(127, 93, 161)	XYZ
(0, 285, 751)	(143, 81, 163)	XZY
(-1, -1, -1)	(93, 169, 119)	YZX
(-1, -1, -1)	(108, 164, 105)	XYZ
(354, 429, 834)	(140, 75, 177)	ZYX
(-1, -1, -1)	(100, 158, 116)	YXZ
(-1, -1, -1)	(171, 100, 107)	ZYX
(174, 564, 880)	(104, 126, 139)	ZXY
(-1, -1, -1)	(104, 147, 117)	YXZ
(-1, -1, -1)	(113, 182, 86)	ZXY
(-1, -1, -1)	(96, 148, 124)	ZYX
(-1, -1, -1)	(166, 68, 152)	YZX
(-1, -1, -1)	(161, 111, 94)	YZX
(-1, -1, -1)	(135, 158, 78)	ZXY
(-1, -1, -1)	(167, 168, 59)	XYZ
(744, 877, 756)	(112, 91, 162)	ZXY
(-1, -1, -1)	(161, 126, 81)	YZX
(-1, -1, -1)	(103, 136, 116)	ZXY
(-1, -1, -1)	(92, 119, 148)	XZY
(-1, -1, -1)	(117, 82, 168)	XYZ
(-1, -1, -1)	(142, 142, 79)	YXZ
(-1, -1, -1)	(97, 180, 91)	ZYX
(0, 690, 575)	(159, 56, 178)	XYZ
(-1, -1, -1)	(184, 140, 61)	YZX
(-1, -1, -1)	(102, 92, 166)	XZY
(-1, -1, -1)	(175, 157, 56)	XZY
(-1, -1, -1)	(184, 52, 159)	XYZ
(0, 894, 884)	(160, 70, 134)	ZXY
(-1, -1, -1)	(164, 120, 75)	YXZ
(-1, -1, -1)	(112, 147, 88)	XYZ
(-1, -1, -1)	(176, 74, 111)	XZY
(248, 170, 706)	(69, 154, 136)	XZY
(-1, -1, -1)	(173, 92, 90)	YXZ
(-1, -1, -1)	(117, 75, 163)	YZX
(-1, -1, -1)	(141, 183, 55)	ZXY
(-1, -1, -1)	(161, 144, 61)	XZY
(-1, -1, -1)	(153, 81, 114)	ZXY
(643, 276, 318)	(76, 126, 145)	ZYX
(-1, -1, -1)	(146, 137, 69)	ZYX
(-1, -1, -1)	(149, 115, 80)	YZX
(-1, -1, -1)	(110, 69, 180)	ZXY
(619, 0, 851)	(82, 130, 128)	YZX
(-1, -1, -1)	(121, 68, 164)	YXZ
(143, 285, 751)	(86, 86, 182)	XZY
(-1, -1, -1)	(176, 55, 139)	ZXY
(536, 398, 834)	(100, 112, 120)	YXZ
(-1, -1, -1)	(136, 90, 107)	YZX
(-1, -1, -1)	(97, 74, 181)	XZY
(903, 0, 848)	(63, 167, 121)	XYZ
(643, 276, 463)	(57, 119, 184)	ZYX
(-1, -1, -1)	(135, 99, 93)	ZXY
(248, 170, 842)	(63, 122, 160)	YXZ
(354, 724, 867)	(127, 64, 151)	ZYX
(-1, -1, -1)	(172, 100, 71)	YZX
(643, 402, 318)	(70, 107, 163)	ZYX
(-1, -1, -1)	(160, 122, 62)	XYZ
(-1, -1, -1)	(94, 177, 72)	ZXY
(-1, -1, -1)	(145, 73, 112)	XZY
(-1, -1, -1)	(124, 115, 83)	YXZ
(-1, -1, -1)	(124, 148, 62)	ZYX
(912, 877, 0)	(62, 111, 162)	XZY
(-1, -1, -1)	(101, 111, 95)	YXZ
(0, 285, 914)	(141, 72, 101)	YXZ
(-1, -1, -1)	(122, 83, 99)	YXZ
(354, 828, 864)	(115, 101, 85)	ZXY
(504, 725, 867)	(89, 77, 142)	ZXY
(-1, -1, -1)	(155, 96, 65)	ZXY
(-1, -1, -1)	(64, 116, 128)	XZY
(-1, -1, -1)	(94, 96, 105)	ZYX
(911, 628, 850)	(58, 166, 98)	ZYX
(-1, -1, -1)	(75, 160, 78)	XYZ
(-1, -1, -1)	(87, 139, 77)	ZYX
(-1, -1, -1)	(76, 118, 103)	ZYX
(643, 276, 647)	(56, 92, 179)	YXZ
(-1, -1, -1)	(73, 96, 131)	YZX
(-1, -1, -1)	(140, 119, 55)	YXZ
(-1, -1, -1)	(66, 167, 83)	ZYX
(-1, -1, -1)	(154, 80, 74)	XZY
(-1, -1, -1)	(82, 118, 94)	ZYX
(-1, -1, -1)	(111, 107, 76)	YZX
(-1, -1, -1)	(67, 113, 117)	XYZ
(-1, -1, -1)	(80, 104, 106)	XYZ
(643, 402, 481)	(62, 88, 161)	ZXY
(-1, -1, -1)	(121, 88, 81)	YZX
(643, 276, 826)	(56, 87, 176)	XYZ
(159, 690, 575)	(101, 54, 157)	ZXY
(-1, -1, -1)	(96, 126, 69)	ZXY
(-1, -1, -1)	(99, 99, 85)	YXZ
(-1, -1, -1)	(81, 104, 98)	ZXY
(-1, -1, -1)	(115, 64, 111)	YXZ
(619, 184, 697)	(71, 78, 146)	YXZ
(-1, -1, -1)	(134, 59, 102)	XZY
(-1, -1, -1)	(182, 63, 67)	XZY
(0, 690, 753)	(92, 55, 151)	ZXY
(-1, -1, -1)	(69, 140, 79)	ZYX
(-1, -1, -1)	(89, 101, 84)	ZXY
(-1, -1, -1)	(91, 72, 115)	XZY
(-1, -1, -1)	(62, 132, 91)	YXZ
(-1, -1, -1)	(141, 82, 63)	YZX
(744, 877, 918)	(104, 69, 101)	XZY
(-1, -1, -1)	(78, 101, 90)	YZX
(159, 690, 732)	(96, 54, 129)	YXZ
(-1, -1, -1)	(85, 108, 71)	ZYX
(619, 184, 843)	(60, 63, 168)	YXZ
(-1, -1, -1)	(81, 72, 105)	YXZ
(-1, -1, -1)	(171, 62, 57)	XYZ
(-1, -1, -1)	(89, 75, 90)	XYZ
(-1, -1, -1)	(82, 77, 94)	YZX
(354, 828, 949)	(94, 85, 72)	ZYX
(903, 167, 848)	(59, 92, 105)	YXZ
(-1, -1, -1)	(131, 60, 70)	YZX
(-1, -1, -1)	(101, 67, 80)	ZXY
(643, 402, 642)	(53, 75, 134)	XZY
(912, 877, 162)	(62, 95, 90)	ZXY
(-1, -1, -1)	(53, 185, 54)	XZY
(-1, -1, -1)	(111, 86, 55)	YZX
(143, 285, 933)	(75, 81, 86)	ZYX
(532, 828, 963)	(79, 116, 56)	XZY
(0, 690, 904)	(83, 52, 116)	ZXY
(744, 794, 850)	(57, 57, 151)	XZY
(-1, -1, -1)	(65, 76, 99)	YXZ
(912, 877, 252)	(58, 57, 147)	YZX
(-1, -1, -1)	(111, 69, 57)	XZY
(-1, -1, -1)	(69, 64, 97)	YXZ
(-1, -1, -1)	(104, 64, 64)	XYZ
(536, 398, 954)	(67, 91, 68)	YZX
(-1, -1, -1)	(119, 59, 59)	ZYX
(903, 0, 969)	(53, 150, 52)	ZYX
(-1, -1, -1)	(58, 86, 79)	XYZ
(-1, -1, -1)	(79, 64, 74)	YZX
(-1, -1, -1)	(99, 66, 56)	YXZ
(92, 690, 753)	(60, 54, 94)	YZX
(159, 690, 861)	(52, 54, 103)	XYZ
(-1, -1, -1)	(75, 65, 56)	XZY
