Найден на шаге: 96
Энергетическая функция: 0.8549
(0, 0, 0)	(11, 11, 11)	XYZ
(11, 0, 0)	(12, 9, 12)	XYZ
(0, 0, 11)	(11, 10, 9)	XYZ
(0, 11, 0)	(9, 11, 9)	YXZ
(11, 0, 12)	(12, 9, 8)	XYZ
(0, 0, 20)	(11, 8, 9)	ZXY
(0, 11, 9)	(8, 9, 8)	YZX
(0, 11, 17)	(8, 9, 8)	XYZ
(0, 22, 0)	(9, 8, 8)	XYZ
(0, 22, 8)	(9, 7, 9)	XYZ
(11, 9, 0)	(7, 9, 9)	XYZ
(11, 0, 20)	(7, 9, 9)	XYZ
(0, 22, 17)	(9, 7, 9)	ZXY
(-1, -1, -1)	(8, 8, 8)	XYZ
(-1, -1, -1)	(8, 8, 8)	ZYX
(-1, -1, -1)	(8, 7, 9)	XYZ
(11, 9, 9)	(7, 9, 8)	ZXY
(11, 18, 0)	(7, 8, 9)	XYZ
(-1, -1, -1)	(8, 9, 7)	XYZ
(11, 9, 17)	(7, 8, 9)	XYZ
(11, 18, 9)	(7, 8, 9)	ZYX
(-1, -1, -1)	(9, 7, 8)	XYZ
(-1, -1, -1)	(8, 8, 7)	XYZ
(-1, -1, -1)	(8, 7, 8)	XYZ
(-1, -1, -1)	(8, 7, 8)	XYZ
(-1, -1, -1)	(8, 7, 8)	XYZ
(-1, -1, -1)	(8, 8, 7)	XYZ
(11, 18, 18)	(7, 8, 8)	ZYX
(23, 0, 0)	(7, 7, 9)	XYZ
(23, 0, 9)	(7, 7, 9)	XYZ
(23, 7, 0)	(7, 7, 9)	XYZ
(23, 0, 18)	(7, 7, 9)	YZX
(-1, -1, -1)	(9, 7, 7)	XYZ
(23, 14, 0)	(7, 9, 7)	XZY
(23, 7, 9)	(7, 7, 9)	XYZ
(23, 7, 18)	(7, 7, 9)	YXZ
(23, 14, 7)	(7, 9, 7)	XYZ
(23, 14, 14)	(7, 8, 7)	XZY
(23, 23, 0)	(7, 7, 7)	XYZ
(23, 23, 7)	(6, 6, 6)	XYZ
(23, 14, 21)	(6, 5, 6)	ZXY
(0, 11, 25)	(6, 6, 5)	XYZ
(18, 9, 0)	(5, 5, 6)	XYZ
(18, 0, 20)	(5, 6, 5)	ZYX
(18, 9, 6)	(5, 5, 6)	XYZ
(18, 14, 0)	(5, 5, 6)	XYZ
(18, 0, 25)	(5, 6, 5)	XYZ
(0, 22, 26)	(6, 6, 4)	XZY
(18, 9, 12)	(5, 5, 5)	ZXY
(11, 26, 0)	(6, 4, 5)	ZXY
(18, 14, 6)	(4, 5, 6)	XYZ
(18, 19, 0)	(3, 6, 6)	XYZ
(18, 9, 17)	(4, 5, 5)	XYZ
(11, 26, 5)	(5, 4, 5)	XYZ
(11, 9, 26)	(5, 5, 4)	XYZ
(11, 18, 26)	(5, 5, 4)	XYZ
(23, 23, 13)	(5, 5, 4)	XYZ
(11, 26, 10)	(5, 4, 5)	XYZ
(23, 23, 17)	(5, 5, 4)	XYZ
(18, 14, 12)	(4, 5, 5)	ZXY
(23, 23, 21)	(5, 5, 4)	YZX
(11, 26, 15)	(5, 4, 5)	XYZ
(18, 9, 22)	(4, 4, 6)	XYZ
(18, 19, 6)	(3, 6, 5)	YXZ
(23, 0, 27)	(5, 6, 3)	XYZ
(0, 17, 25)	(6, 3, 5)	XYZ
(18, 25, 0)	(3, 5, 6)	XYZ
(23, 7, 27)	(6, 5, 3)	XYZ
(23, 19, 21)	(6, 3, 5)	XYZ
(11, 26, 20)	(5, 4, 4)	ZXY
(11, 26, 24)	(5, 4, 4)	ZXY
(18, 14, 17)	(4, 4, 5)	XYZ
(23, 23, 25)	(5, 4, 4)	XYZ
(-1, -1, -1)	(4, 5, 4)	YXZ
(-1, -1, -1)	(5, 4, 4)	XYZ
(18, 14, 22)	(4, 4, 5)	XYZ
(-1, -1, -1)	(4, 5, 4)	XYZ
(-1, -1, -1)	(5, 4, 4)	YZX
(-1, -1, -1)	(4, 4, 5)	ZYX
(-1, -1, -1)	(5, 4, 4)	YXZ
(-1, -1, -1)	(4, 4, 5)	XYZ
(18, 19, 11)	(3, 5, 5)	YXZ
(18, 6, 20)	(5, 3, 5)	ZYX
(18, 6, 25)	(5, 3, 5)	XYZ
(18, 25, 6)	(3, 5, 5)	XYZ
(-1, -1, -1)	(5, 3, 5)	XYZ
(23, 14, 27)	(5, 5, 3)	XYZ
(-1, -1, -1)	(5, 5, 3)	XYZ
(18, 19, 16)	(3, 5, 5)	YXZ
(18, 25, 11)	(3, 5, 5)	XYZ
(-1, -1, -1)	(5, 5, 3)	XYZ
(18, 19, 21)	(3, 5, 5)	XYZ
(-1, -1, -1)	(5, 5, 3)	XYZ
(-1, -1, -1)	(5, 5, 3)	ZYX
(18, 25, 16)	(3, 5, 5)	XYZ
(18, 25, 21)	(3, 4, 6)	ZYX
(-1, -1, -1)	(4, 3, 6)	ZXY
(6, 22, 26)	(3, 6, 4)	XYZ
(-1, -1, -1)	(6, 4, 3)	XYZ
(-1, -1, -1)	(4, 6, 3)	ZXY
(-1, -1, -1)	(3, 4, 6)	ZXY
(-1, -1, -1)	(3, 6, 4)	XYZ
(-1, -1, -1)	(4, 3, 6)	XZY
(-1, -1, -1)	(4, 4, 4)	XYZ
(-1, -1, -1)	(4, 4, 4)	XYZ
(-1, -1, -1)	(4, 4, 4)	XYZ
(-1, -1, -1)	(4, 4, 4)	XYZ
(-1, -1, -1)	(4, 4, 4)	XYZ
(-1, -1, -1)	(4, 3, 5)	XYZ
(-1, -1, -1)	(4, 5, 3)	XYZ
(0, 8, 20)	(5, 2, 6)	XYZ
(18, 19, 26)	(3, 5, 4)	XZY
(11, 14, 26)	(5, 3, 4)	XYZ
(-1, -1, -1)	(3, 5, 4)	XYZ
(-1, -1, -1)	(4, 5, 3)	XZY
(-1, -1, -1)	(5, 4, 3)	XYZ
(0, 20, 9)	(5, 2, 6)	XYZ
(-1, -1, -1)	(3, 5, 4)	XYZ
(-1, -1, -1)	(4, 3, 5)	XZY
(-1, -1, -1)	(3, 4, 5)	XYZ
(23, 19, 26)	(6, 3, 3)	XYZ
(-1, -1, -1)	(3, 6, 3)	XYZ
(-1, -1, -1)	(5, 5, 2)	XYZ
(-1, -1, -1)	(5, 5, 2)	XYZ
(5, 8, 20)	(5, 2, 5)	XZY
(-1, -1, -1)	(6, 2, 4)	ZYX
(-1, -1, -1)	(6, 4, 2)	YZX
(18, 14, 27)	(4, 4, 3)	XYZ
(11, 23, 26)	(4, 3, 4)	XYZ
(-1, -1, -1)	(4, 3, 4)	XZY
(-1, -1, -1)	(3, 4, 4)	XYZ
(-1, -1, -1)	(3, 4, 4)	YZX
(-1, -1, -1)	(4, 3, 4)	XYZ
(-1, -1, -1)	(4, 4, 3)	YXZ
(-1, -1, -1)	(3, 4, 4)	XYZ
(9, 11, 0)	(2, 4, 6)	YXZ
(-1, -1, -1)	(4, 4, 3)	XYZ
(-1, -1, -1)	(3, 4, 4)	YXZ
(-1, -1, -1)	(4, 4, 3)	ZXY
(-1, -1, -1)	(4, 4, 3)	XYZ
(-1, -1, -1)	(3, 4, 4)	XYZ
(-1, -1, -1)	(3, 5, 3)	XYZ
(-1, -1, -1)	(3, 5, 3)	XYZ
(-1, -1, -1)	(5, 3, 3)	XYZ
(-1, -1, -1)	(3, 3, 5)	XYZ
(9, 15, 0)	(2, 5, 4)	ZXY
(9, 11, 6)	(2, 4, 5)	YZX
(0, 8, 26)	(5, 2, 4)	XZY
(0, 20, 15)	(4, 2, 5)	XYZ
(5, 8, 25)	(4, 2, 5)	ZYX
(0, 20, 20)	(4, 2, 5)	XYZ
(9, 15, 4)	(2, 5, 4)	XYZ
(-1, -1, -1)	(5, 2, 4)	XYZ
(-1, -1, -1)	(4, 5, 2)	XYZ
(9, 20, 0)	(2, 5, 4)	XYZ
(-1, -1, -1)	(3, 3, 4)	XYZ
(-1, -1, -1)	(3, 3, 4)	YZX
(18, 25, 27)	(3, 4, 3)	ZYX
(-1, -1, -1)	(6, 3, 2)	ZYX
(-1, -1, -1)	(3, 4, 3)	XYZ
(-1, -1, -1)	(4, 3, 3)	XYZ
(5, 20, 9)	(3, 2, 6)	YZX
(6, 11, 25)	(2, 6, 3)	XYZ
(-1, -1, -1)	(3, 6, 2)	XYZ
(-1, -1, -1)	(4, 3, 3)	XZY
(-1, -1, -1)	(3, 6, 2)	XYZ
(21, 19, 0)	(2, 6, 3)	XYZ
(-1, -1, -1)	(4, 3, 3)	XYZ
(-1, -1, -1)	(3, 4, 3)	ZXY
(-1, -1, -1)	(3, 4, 3)	XYZ
(-1, -1, -1)	(3, 4, 3)	XYZ
(-1, -1, -1)	(4, 3, 3)	XYZ
(-1, -1, -1)	(6, 3, 2)	YZX
(-1, -1, -1)	(3, 3, 4)	XYZ
(-1, -1, -1)	(4, 3, 3)	YZX
(18, 9, 28)	(4, 4, 2)	XYZ
(11, 26, 28)	(4, 4, 2)	ZYX
(0, 20, 25)	(4, 2, 4)	YZX
(9, 11, 11)	(2, 4, 4)	XYZ
(-1, -1, -1)	(4, 2, 4)	ZYX
(5, 20, 15)	(3, 2, 5)	XYZ
(9, 11, 15)	(2, 3, 5)	XYZ
(-1, -1, -1)	(5, 3, 2)	ZXY
(23, 12, 27)	(5, 2, 3)	XZY
(-1, -1, -1)	(3, 5, 2)	ZXY
(-1, -1, -1)	(3, 5, 2)	XYZ
(5, 20, 20)	(3, 2, 5)	XYZ
(-1, -1, -1)	(3, 5, 2)	XYZ
(5, 20, 25)	(3, 2, 5)	ZXY
(-1, -1, -1)	(3, 5, 2)	XYZ
(-1, -1, -1)	(3, 2, 5)	XYZ
(9, 15, 8)	(2, 3, 5)	XZY
(-1, -1, -1)	(3, 5, 2)	XYZ
(-1, -1, -1)	(3, 3, 3)	XYZ
(9, 20, 4)	(2, 2, 6)	XYZ
(9, 25, 0)	(2, 4, 3)	XYZ
(9, 25, 3)	(2, 4, 3)	XYZ
(-1, -1, -1)	(4, 2, 3)	XYZ
(-1, -1, -1)	(4, 3, 2)	XYZ
(9, 11, 20)	(2, 3, 3)	YZX
(9, 15, 13)	(2, 3, 3)	XYZ
(9, 22, 4)	(2, 3, 3)	ZYX
(-1, -1, -1)	(3, 3, 2)	ZXY
(-1, -1, -1)	(3, 2, 2)	XYZ
(-1, -1, -1)	(3, 2, 2)	XYZ
(9, 18, 8)	(2, 2, 3)	XYZ
