1024 1024 1024
122 100 183
163 81 143
238 274 286
178 164 117
169 93 119
114 140 173
70 134 160
251 254 287
161 165 90
334 286 276
104 101 69
69 146 137
277 236 257
129 181 158
278 262 217
59 105 92
172 88 168
60 131 70
158 169 84
277 238 243
118 138 145
269 251 217
94 161 111
65 96 155
183 144 114
92 173 90
76 103 118
235 234 234
151 57 57
122 151 135
81 75 86
135 158 78
235 217 300
175 148 115
132 149 112
71 172 100
167 180 159
120 164 75
116 184 107
263 289 236
92 166 102
92 119 148
99 99 85
83 122 99
151 159 183
275 304 218
323 365 280
166 84 165
167 157 112
99 154 161
296 285 260
100 156 145
130 128 82
174 125 163
251 222 279
91 72 115
108 164 105
368 263 339
182 63 67
180 97 91
140 75 177
174 127 176
139 109 178
91 162 112
54 185 53
93 135 99
76 145 126
162 62 111
75 117 163
132 127 130
66 56 99
90 89 75
161 179 133
226 223 303
88 121 81
91 67 68
154 173 82
59 134 102
119 59 59
158 160 114
102 151 165
177 72 94
145 112 73
239 290 234
168 168 133
96 182 171
62 160 122
126 81 161
286 289 285
161 61 144
153 114 81
116 79 56
77 89 142
180 90 132
141 183 55
78 90 101
166 167 163
284 223 231
379 375 248
150 155 182
126 123 148
71 78 146
305 283 304
58 147 57
184 142 165
153 152 170
156 97 154
86 86 182
111 76 107
75 56 65
390 276 358
121 173 121
128 168 89
135 165 130
163 132 162
104 81 98
238 222 253
158 100 116
306 365 295
146 110 122
64 116 128
58 98 166
92 151 55
175 56 157
121 140 139
226 278 246
58 79 86
104 147 117
60 94 54
146 130 122
131 73 96
63 160 122
150 52 53
87 139 77
117 177 120
62 90 95
288 306 294
112 100 120
215 212 281
111 74 176
174 134 155
164 68 121
62 124 148
121 166 110
52 54 103
170 98 128
94 82 77
155 132 129
279 225 254
254 285 234
111 69 57
80 106 104
64 64 104
107 90 136
354 386 372
91 175 183
88 62 161
120 181 176
82 117 168
107 178 136
64 127 151
72 141 101
74 64 79
80 101 67
147 163 147
85 71 108
167 59 168
126 139 104
152 166 68
129 176 143
154 74 80
93 127 161
171 107 100
127 143 125
154 184 85
100 163 152
63 168 60
214 307 232
111 115 64
140 119 55
247 244 245
72 81 105
94 72 85
55 176 139
99 76 65
69 136 154
135 125 120
111 95 101
85 101 115
158 97 165
82 118 94
289 253 250
155 134 130
269 208 290
211 283 222
154 182 178
54 157 101
96 54 129
140 79 69
180 110 69
91 62 132
251 306 261
293 304 240
163 107 70
179 182 153
89 101 84
147 88 112
170 148 105
141 147 166
114 162 111
55 111 86
367 318 266
63 121 167
116 136 103
137 183 126
105 94 96
75 134 53
124 174 116
154 108 129
115 149 80
74 97 181
268 268 302
56 179 92
138 88 161
184 140 61
56 87 176
75 160 78
96 69 126
249 240 269
166 119 158
142 79 142
167 83 66
307 254 265
184 52 159
62 171 57
52 83 116
212 205 211
124 115 83
232 290 293
182 113 86
113 67 117
184 57 119
159 178 56
148 96 124
214 295 222
268 322 262
97 69 64
306 239 306
141 82 63
252 254 272