Найден на шаге: 8
Энергетическая функция: 0.7141
(0, 0, 0)	(354, 386, 372)	XYZ
(354, 0, 0)	(390, 276, 358)	XYZ
(354, 276, 0)	(379, 375, 248)	XYZ
(0, 0, 372)	(323, 365, 280)	XYZ
(0, 386, 0)	(306, 365, 295)	XYZ
(354, 0, 358)	(368, 263, 339)	XYZ
(354, 276, 248)	(367, 318, 266)	XYZ
(354, 651, 0)	(334, 286, 276)	XYZ
(0, 0, 652)	(305, 283, 304)	XYZ
(0, 386, 295)	(288, 306, 294)	XYZ
(0, 386, 589)	(286, 289, 285)	XYZ
(744, 0, 0)	(268, 322, 262)	XYZ
(0, 751, 0)	(306, 239, 306)	XYZ
(354, 276, 514)	(296, 285, 260)	XYZ
(354, 651, 276)	(268, 268, 302)	XYZ
(-1, -1, -1)	(293, 304, 240)	XYZ
(354, 0, 697)	(307, 254, 265)	XYZ
(744, 0, 262)	(251, 306, 261)	XYZ
(744, 322, 0)	(232, 290, 293)	XYZ
(744, 0, 523)	(238, 274, 286)	XYZ
(354, 651, 578)	(251, 254, 287)	XYZ
(354, 276, 774)	(289, 253, 250)	XYZ
(-1, -1, -1)	(275, 304, 218)	XYZ
(-1, -1, -1)	(263, 289, 236)	XYZ
(-1, -1, -1)	(252, 254, 272)	XYZ
(-1, -1, -1)	(254, 285, 234)	XYZ
(0, 751, 306)	(277, 236, 257)	XYZ
(0, 751, 563)	(269, 208, 290)	XYZ
(-1, -1, -1)	(239, 290, 234)	XYZ
(-1, -1, -1)	(249, 240, 269)	XYZ
(-1, -1, -1)	(277, 238, 243)	XYZ
(-1, -1, -1)	(279, 225, 254)	XYZ
(-1, -1, -1)	(278, 262, 217)	XYZ
(-1, -1, -1)	(251, 222, 279)	XYZ
(744, 322, 293)	(226, 278, 246)	XYZ
(-1, -1, -1)	(235, 217, 300)	XYZ
(744, 612, 0)	(226, 223, 303)	XYZ
(-1, -1, -1)	(214, 307, 232)	XYZ
(-1, -1, -1)	(247, 244, 245)	XYZ
(-1, -1, -1)	(269, 251, 217)	XYZ
(-1, -1, -1)	(284, 223, 231)	XYZ
(-1, -1, -1)	(214, 295, 222)	XYZ
(-1, -1, -1)	(238, 222, 253)	XYZ
(-1, -1, -1)	(211, 283, 222)	XYZ
(-1, -1, -1)	(235, 234, 234)	XYZ
(744, 322, 539)	(215, 212, 281)	XYZ
(744, 0, 809)	(212, 205, 211)	XYZ
(744, 612, 303)	(154, 182, 178)	XYZ
(0, 751, 853)	(179, 182, 153)	XYZ
(354, 651, 865)	(167, 180, 159)	XYZ
(744, 835, 0)	(167, 166, 163)	YXZ
(744, 322, 820)	(151, 159, 183)	XYZ
(-1, -1, -1)	(184, 142, 165)	XYZ
(744, 612, 481)	(150, 155, 182)	XYZ
(744, 835, 163)	(153, 152, 170)	XYZ
(-1, -1, -1)	(174, 127, 176)	XYZ
(0, 386, 874)	(161, 179, 133)	XYZ
(-1, -1, -1)	(120, 181, 176)	XYZ
(-1, -1, -1)	(168, 168, 133)	XYZ
(-1, -1, -1)	(129, 181, 158)	XYZ
(-1, -1, -1)	(174, 134, 155)	XYZ
(-1, -1, -1)	(174, 125, 163)	XYZ
(-1, -1, -1)	(147, 163, 147)	XYZ
(-1, -1, -1)	(163, 132, 162)	XYZ
(744, 612, 663)	(141, 147, 166)	XYZ
(-1, -1, -1)	(178, 164, 117)	XYZ
(-1, -1, -1)	(129, 176, 143)	XYZ
(-1, -1, -1)	(137, 183, 126)	XYZ
(-1, -1, -1)	(166, 119, 158)	XYZ
(-1, -1, -1)	(183, 144, 114)	XYZ
(-1, -1, -1)	(96, 182, 171)	XYZ
(-1, -1, -1)	(175, 148, 115)	XYZ
(-1, -1, -1)	(167, 157, 112)	XYZ
(-1, -1, -1)	(91, 175, 183)	XYZ
(-1, -1, -1)	(135, 165, 130)	XYZ
(-1, -1, -1)	(158, 160, 114)	XYZ
(744, 835, 333)	(114, 140, 173)	XYZ
(-1, -1, -1)	(155, 134, 130)	XYZ
(744, 612, 829)	(139, 109, 178)	XYZ
(-1, -1, -1)	(170, 148, 105)	XYZ
(-1, -1, -1)	(155, 132, 129)	XYZ
(161, 386, 874)	(107, 178, 136)	XYZ
(-1, -1, -1)	(172, 88, 168)	XYZ
(-1, -1, -1)	(102, 151, 165)	XYZ
(-1, -1, -1)	(121, 173, 121)	XYZ
(-1, -1, -1)	(158, 97, 165)	XYZ
(-1, -1, -1)	(124, 174, 116)	XYZ
(-1, -1, -1)	(122, 151, 135)	XYZ
(-1, -1, -1)	(117, 177, 120)	XYZ
(-1, -1, -1)	(100, 163, 152)	XYZ
(-1, -1, -1)	(99, 154, 161)	XYZ
(-1, -1, -1)	(154, 184, 85)	XYZ
(-1, -1, -1)	(161, 165, 90)	XYZ
(-1, -1, -1)	(118, 138, 145)	XYZ
(-1, -1, -1)	(121, 140, 139)	XYZ
(-1, -1, -1)	(156, 97, 154)	XYZ
(-1, -1, -1)	(146, 130, 122)	XYZ
(354, 937, 0)	(166, 84, 165)	XYZ
(-1, -1, -1)	(126, 123, 148)	XYZ
(-1, -1, -1)	(116, 184, 107)	XYZ
(-1, -1, -1)	(127, 143, 125)	XYZ
(-1, -1, -1)	(100, 156, 145)	XYZ
(-1, -1, -1)	(158, 169, 84)	XYZ
(-1, -1, -1)	(122, 100, 183)	XYZ
(-1, -1, -1)	(121, 166, 110)	XYZ
(-1, -1, -1)	(132, 149, 112)	XYZ
(-1, -1, -1)	(154, 173, 82)	XYZ
(-1, -1, -1)	(132, 127, 130)	XYZ
(0, 565, 874)	(154, 108, 129)	XYZ
(-1, -1, -1)	(180, 90, 132)	XYZ
(-1, -1, -1)	(170, 98, 128)	XYZ
(-1, -1, -1)	(114, 162, 111)	XYZ
(-1, -1, -1)	(135, 125, 120)	XYZ
(-1, -1, -1)	(146, 110, 122)	XYZ
(-1, -1, -1)	(138, 88, 161)	XYZ
(-1, -1, -1)	(128, 168, 89)	XYZ
(744, 835, 506)	(93, 127, 161)	XYZ
(0, 283, 652)	(163, 81, 143)	XYZ
(-1, -1, -1)	(169, 93, 119)	XYZ
(-1, -1, -1)	(108, 164, 105)	XYZ
(163, 283, 652)	(140, 75, 177)	XYZ
(-1, -1, -1)	(158, 100, 116)	XYZ
(-1, -1, -1)	(171, 107, 100)	XYZ
(-1, -1, -1)	(126, 139, 104)	XYZ
(-1, -1, -1)	(104, 147, 117)	XYZ
(-1, -1, -1)	(182, 113, 86)	XYZ
(-1, -1, -1)	(148, 96, 124)	XYZ
(0, 283, 795)	(152, 68, 166)	XZY
(-1, -1, -1)	(94, 161, 111)	XYZ
(-1, -1, -1)	(135, 158, 78)	XYZ
(0, 692, 295)	(167, 59, 168)	XYZ
(-1, -1, -1)	(91, 162, 112)	XYZ
(520, 937, 0)	(126, 81, 161)	XYZ
(-1, -1, -1)	(116, 136, 103)	XYZ
(744, 835, 667)	(92, 119, 148)	XYZ
(179, 751, 853)	(82, 117, 168)	XYZ
(354, 937, 165)	(142, 79, 142)	XYZ
(-1, -1, -1)	(180, 97, 91)	XYZ
(0, 692, 463)	(159, 56, 178)	XZY
(0, 0, 956)	(184, 140, 61)	XYZ
(-1, -1, -1)	(92, 166, 102)	XYZ
(354, 594, 248)	(175, 56, 157)	XYZ
(529, 594, 248)	(184, 52, 159)	XYZ
(650, 276, 514)	(70, 134, 160)	XYZ
(521, 651, 865)	(75, 164, 120)	ZYX
(-1, -1, -1)	(147, 88, 112)	XYZ
(163, 283, 829)	(111, 74, 176)	XYZ
(650, 410, 514)	(69, 154, 136)	XZY
(-1, -1, -1)	(92, 173, 90)	XYZ
(744, 835, 815)	(75, 117, 163)	XYZ
(354, 0, 962)	(141, 183, 55)	XYZ
(354, 831, 865)	(161, 61, 144)	XYZ
(-1, -1, -1)	(153, 114, 81)	XYZ
(-1, -1, -1)	(76, 145, 126)	XYZ
(650, 410, 650)	(69, 146, 137)	XYZ
(-1, -1, -1)	(115, 149, 80)	XYZ
(-1, -1, -1)	(180, 110, 69)	XYZ
(-1, -1, -1)	(130, 128, 82)	XYZ
(744, 205, 809)	(164, 68, 121)	XYZ
(-1, -1, -1)	(86, 86, 182)	XYZ
(661, 0, 697)	(55, 176, 139)	XYZ
(-1, -1, -1)	(112, 100, 120)	XYZ
(161, 564, 874)	(107, 90, 136)	XYZ
(-1, -1, -1)	(74, 97, 181)	XYZ
(622, 651, 276)	(63, 121, 167)	XYZ
(744, 534, 539)	(184, 57, 119)	XYZ
(-1, -1, -1)	(93, 135, 99)	XYZ
(622, 772, 276)	(63, 160, 122)	XYZ
(650, 276, 674)	(64, 127, 151)	XYZ
(898, 612, 303)	(71, 172, 100)	XYZ
(-1, -1, -1)	(163, 107, 70)	XYZ
(622, 772, 398)	(62, 160, 122)	XYZ
(-1, -1, -1)	(177, 72, 94)	XYZ
(-1, -1, -1)	(145, 112, 73)	XYZ
(-1, -1, -1)	(124, 115, 83)	XYZ
(650, 276, 825)	(62, 124, 148)	XYZ
(-1, -1, -1)	(162, 62, 111)	XYZ
(-1, -1, -1)	(111, 95, 101)	XYZ
(-1, -1, -1)	(72, 141, 101)	XYZ
(-1, -1, -1)	(83, 122, 99)	XYZ
(-1, -1, -1)	(85, 101, 115)	XYZ
(179, 868, 853)	(77, 89, 142)	XYZ
(650, 410, 787)	(65, 96, 155)	XYZ
(895, 322, 820)	(64, 116, 128)	XYZ
(-1, -1, -1)	(105, 94, 96)	XYZ
(622, 651, 443)	(58, 98, 166)	XYZ
(-1, -1, -1)	(75, 160, 78)	XYZ
(-1, -1, -1)	(87, 139, 77)	XYZ
(-1, -1, -1)	(76, 103, 118)	XYZ
(911, 835, 0)	(56, 179, 92)	XYZ
(354, 937, 307)	(131, 73, 96)	XYZ
(0, 140, 956)	(140, 119, 55)	XYZ
(-1, -1, -1)	(167, 83, 66)	XYZ
(-1, -1, -1)	(154, 74, 80)	XYZ
(-1, -1, -1)	(82, 118, 94)	XYZ
(520, 937, 161)	(111, 76, 107)	XYZ
(354, 937, 403)	(113, 67, 117)	XYZ
(-1, -1, -1)	(80, 106, 104)	XYZ
(520, 937, 268)	(88, 62, 161)	XYZ
(-1, -1, -1)	(88, 121, 81)	XYZ
(622, 651, 609)	(56, 87, 176)	XYZ
(661, 0, 836)	(54, 157, 101)	XYZ
(-1, -1, -1)	(96, 69, 126)	XYZ
(-1, -1, -1)	(99, 99, 85)	XYZ
(-1, -1, -1)	(104, 81, 98)	XYZ
(184, 0, 956)	(111, 115, 64)	XYZ
(521, 815, 865)	(71, 78, 146)	XYZ
(622, 772, 520)	(59, 134, 102)	XYZ
(-1, -1, -1)	(182, 63, 67)	XYZ
(184, 115, 956)	(92, 151, 55)	XYZ
(-1, -1, -1)	(140, 79, 69)	XYZ
(-1, -1, -1)	(89, 101, 84)	XYZ
(-1, -1, -1)	(91, 72, 115)	XYZ
(354, 937, 520)	(91, 62, 132)	XYZ
(-1, -1, -1)	(141, 82, 63)	XYZ
(-1, -1, -1)	(104, 101, 69)	XYZ
(-1, -1, -1)	(78, 90, 101)	XYZ
(167, 692, 295)	(96, 54, 129)	XYZ
(-1, -1, -1)	(85, 71, 108)	XYZ
(495, 0, 962)	(63, 168, 60)	XYZ
(-1, -1, -1)	(72, 81, 105)	XYZ
(558, 0, 962)	(62, 171, 57)	XYZ
(-1, -1, -1)	(90, 89, 75)	XYZ
(-1, -1, -1)	(94, 82, 77)	XYZ
(-1, -1, -1)	(94, 72, 85)	XYZ
(622, 772, 622)	(59, 105, 92)	XYZ
(898, 612, 403)	(60, 131, 70)	XYZ
(-1, -1, -1)	(80, 101, 67)	XYZ
(-1, -1, -1)	(75, 134, 53)	XYZ
(895, 438, 820)	(62, 90, 95)	XYZ
(-1, -1, -1)	(54, 185, 53)	XYZ
(911, 835, 92)	(55, 111, 86)	XYZ
(-1, -1, -1)	(81, 75, 86)	XYZ
(-1, -1, -1)	(116, 79, 56)	XYZ
(661, 176, 697)	(52, 83, 116)	XYZ
(0, 283, 961)	(151, 57, 57)	XYZ
(-1, -1, -1)	(99, 76, 65)	XYZ
(-1, -1, -1)	(58, 147, 57)	XYZ
(354, 183, 962)	(111, 69, 57)	XYZ
(-1, -1, -1)	(97, 69, 64)	XYZ
(-1, -1, -1)	(64, 64, 104)	XYZ
(744, 205, 930)	(91, 67, 68)	XYZ
(-1, -1, -1)	(119, 59, 59)	XYZ
(0, 692, 641)	(150, 52, 53)	XYZ
(622, 772, 714)	(58, 79, 86)	XYZ
(-1, -1, -1)	(74, 64, 79)	XYZ
(354, 594, 405)	(66, 56, 99)	XYZ
(650, 410, 942)	(60, 94, 54)	XYZ
(167, 692, 424)	(52, 54, 103)	XYZ
(420, 594, 405)	(75, 56, 65)	XYZ
