Найден на шаге: 36	Энергетическая функция: 0.734302728436887
(0, 0, 0)	(354, 386, 372)	XYZ
(354, 0, 0)	(390, 276, 358)	XYZ
(354, 276, 0)	(379, 375, 248)	XYZ
(354, 276, 248)	(365, 323, 280)	YXZ
(0, 0, 372)	(306, 365, 295)	XYZ
(354, 0, 358)	(368, 263, 339)	XYZ
(354, 651, 0)	(367, 318, 266)	XYZ
(0, 386, 0)	(334, 286, 276)	XYZ
(0, 0, 667)	(305, 283, 304)	XYZ
(0, 672, 0)	(288, 306, 294)	XYZ
(0, 672, 294)	(286, 289, 285)	XYZ
(354, 276, 528)	(268, 322, 262)	XYZ
(0, 386, 276)	(306, 239, 306)	XYZ
(354, 651, 266)	(296, 285, 260)	XYZ
(0, 672, 579)	(268, 268, 302)	XYZ
(-1, -1, -1)	(293, 304, 240)	XYZ
(354, 0, 697)	(307, 254, 265)	XYZ
(744, 0, 0)	(251, 306, 261)	XYZ
(744, 0, 261)	(232, 290, 293)	XYZ
(354, 651, 526)	(238, 274, 286)	XYZ
(744, 306, 0)	(251, 254, 287)	XYZ
(-1, -1, -1)	(289, 250, 253)	YXZ
(-1, -1, -1)	(275, 304, 218)	XYZ
(-1, -1, -1)	(263, 289, 236)	XYZ
(-1, -1, -1)	(252, 254, 272)	XYZ
(-1, -1, -1)	(285, 254, 234)	YXZ
(0, 386, 582)	(277, 236, 257)	XYZ
(-1, -1, -1)	(269, 208, 290)	XYZ
(354, 276, 790)	(239, 290, 234)	XYZ
(744, 306, 287)	(249, 240, 269)	XYZ
(-1, -1, -1)	(277, 238, 243)	XYZ
(-1, -1, -1)	(279, 225, 254)	XYZ
(-1, -1, -1)	(278, 262, 217)	XYZ
(744, 560, 0)	(251, 222, 279)	XYZ
(744, 0, 554)	(226, 278, 246)	XYZ
(744, 306, 556)	(235, 217, 300)	XYZ
(744, 782, 0)	(226, 223, 303)	XYZ
(-1, -1, -1)	(214, 307, 232)	XYZ
(-1, -1, -1)	(247, 244, 245)	XYZ
(-1, -1, -1)	(269, 251, 217)	XYZ
(-1, -1, -1)	(284, 223, 231)	XYZ
(-1, -1, -1)	(214, 295, 222)	XYZ
(744, 560, 279)	(238, 222, 253)	XYZ
(-1, -1, -1)	(211, 283, 222)	XYZ
(-1, -1, -1)	(235, 234, 234)	XYZ
(744, 560, 532)	(215, 212, 281)	XYZ
(354, 651, 812)	(212, 205, 211)	XYZ
(0, 386, 839)	(154, 182, 178)	XYZ
(744, 0, 800)	(153, 179, 182)	ZXY
(744, 306, 856)	(167, 180, 159)	XYZ
(744, 782, 303)	(163, 167, 166)	ZYX
(744, 560, 813)	(151, 159, 183)	XYZ
(-1, -1, -1)	(165, 142, 184)	ZYX
(744, 782, 469)	(150, 155, 182)	XYZ
(-1, -1, -1)	(153, 152, 170)	XYZ
(-1, -1, -1)	(174, 127, 176)	XYZ
(0, 672, 881)	(161, 179, 133)	XYZ
(154, 386, 839)	(120, 181, 176)	XYZ
(-1, -1, -1)	(168, 168, 133)	XYZ
(-1, -1, -1)	(129, 181, 158)	XYZ
(-1, -1, -1)	(155, 174, 134)	ZXY
(-1, -1, -1)	(174, 163, 125)	XZY
(-1, -1, -1)	(147, 163, 147)	XYZ
(-1, -1, -1)	(163, 132, 162)	XYZ
(744, 782, 651)	(141, 147, 166)	XYZ
(-1, -1, -1)	(178, 164, 117)	XYZ
(-1, -1, -1)	(129, 176, 143)	XYZ
(-1, -1, -1)	(137, 183, 126)	XYZ
(-1, -1, -1)	(166, 119, 158)	XYZ
(-1, -1, -1)	(183, 144, 114)	XYZ
(622, 276, 528)	(96, 182, 171)	YXZ
(-1, -1, -1)	(175, 148, 115)	XYZ
(-1, -1, -1)	(167, 157, 112)	XYZ
(622, 276, 699)	(91, 175, 183)	XYZ
(-1, -1, -1)	(135, 165, 130)	XYZ
(-1, -1, -1)	(158, 160, 114)	XYZ
(744, 782, 817)	(114, 140, 173)	XYZ
(-1, -1, -1)	(155, 134, 130)	XYZ
(-1, -1, -1)	(139, 178, 109)	XZY
(-1, -1, -1)	(148, 170, 105)	YXZ
(-1, -1, -1)	(155, 132, 129)	XYZ
(161, 672, 881)	(107, 178, 136)	XYZ
(-1, -1, -1)	(172, 88, 168)	XYZ
(-1, -1, -1)	(102, 151, 165)	XYZ
(-1, -1, -1)	(121, 173, 121)	XYZ
(-1, -1, -1)	(158, 97, 165)	XYZ
(-1, -1, -1)	(116, 174, 124)	ZYX
(-1, -1, -1)	(122, 151, 135)	XYZ
(-1, -1, -1)	(177, 117, 120)	YXZ
(-1, -1, -1)	(100, 163, 152)	XYZ
(-1, -1, -1)	(99, 154, 161)	XYZ
(-1, -1, -1)	(154, 184, 85)	XYZ
(-1, -1, -1)	(161, 165, 90)	XYZ
(-1, -1, -1)	(118, 138, 145)	XYZ
(-1, -1, -1)	(121, 140, 139)	XYZ
(-1, -1, -1)	(156, 97, 154)	XYZ
(-1, -1, -1)	(146, 130, 122)	XYZ
(-1, -1, -1)	(166, 84, 165)	XYZ
(-1, -1, -1)	(126, 123, 148)	XYZ
(-1, -1, -1)	(116, 184, 107)	XYZ
(-1, -1, -1)	(143, 125, 127)	YZX
(-1, -1, -1)	(100, 156, 145)	XYZ
(-1, -1, -1)	(158, 169, 84)	XYZ
(-1, -1, -1)	(122, 100, 183)	XYZ
(-1, -1, -1)	(121, 166, 110)	XYZ
(-1, -1, -1)	(132, 149, 112)	XYZ
(-1, -1, -1)	(154, 173, 82)	XYZ
(-1, -1, -1)	(132, 127, 130)	XYZ
(-1, -1, -1)	(108, 154, 129)	ZYX
(-1, -1, -1)	(180, 90, 132)	XYZ
(-1, -1, -1)	(170, 98, 128)	XYZ
(-1, -1, -1)	(114, 162, 111)	XYZ
(-1, -1, -1)	(135, 125, 120)	XYZ
(-1, -1, -1)	(146, 110, 122)	XYZ
(744, 179, 800)	(138, 88, 161)	XYZ
(-1, -1, -1)	(128, 168, 89)	XYZ
(622, 458, 528)	(93, 127, 161)	XYZ
(0, 283, 667)	(163, 81, 143)	XYZ
(-1, -1, -1)	(93, 169, 119)	YXZ
(-1, -1, -1)	(108, 164, 105)	XYZ
(163, 283, 667)	(140, 75, 177)	XYZ
(-1, -1, -1)	(158, 100, 116)	XYZ
(-1, -1, -1)	(107, 171, 100)	YXZ
(-1, -1, -1)	(126, 139, 104)	XYZ
(-1, -1, -1)	(104, 147, 117)	XYZ
(-1, -1, -1)	(182, 113, 86)	XYZ
(-1, -1, -1)	(148, 96, 124)	XYZ
(-1, -1, -1)	(152, 166, 68)	XYZ
(-1, -1, -1)	(94, 161, 111)	XYZ
(-1, -1, -1)	(135, 158, 78)	XYZ
(354, 856, 812)	(167, 59, 168)	XYZ
(622, 276, 882)	(91, 162, 112)	XYZ
(0, 283, 810)	(126, 81, 161)	XYZ
(-1, -1, -1)	(116, 136, 103)	XYZ
(622, 458, 689)	(92, 119, 148)	XYZ
(622, 458, 837)	(82, 117, 168)	XYZ
(0, 851, 881)	(142, 79, 142)	XYZ
(-1, -1, -1)	(180, 97, 91)	XYZ
(354, 0, 962)	(159, 178, 56)	XYZ
(-1, -1, -1)	(184, 140, 61)	XYZ
(-1, -1, -1)	(92, 166, 102)	XYZ
(-1, -1, -1)	(175, 56, 157)	XYZ
(354, 599, 248)	(184, 52, 159)	XYZ
(650, 651, 266)	(70, 134, 160)	XYZ
(-1, -1, -1)	(120, 164, 75)	XYZ
(-1, -1, -1)	(147, 88, 112)	XYZ
(163, 283, 844)	(111, 74, 176)	XYZ
(650, 785, 266)	(69, 136, 154)	XYZ
(-1, -1, -1)	(92, 173, 90)	XYZ
(-1, -1, -1)	(75, 117, 163)	XYZ
(513, 0, 962)	(141, 183, 55)	XYZ
(-1, -1, -1)	(161, 61, 144)	XYZ
(-1, -1, -1)	(153, 114, 81)	XYZ
(-1, -1, -1)	(76, 145, 126)	XYZ
(897, 0, 800)	(69, 146, 137)	XYZ
(-1, -1, -1)	(115, 149, 80)	XYZ
(-1, -1, -1)	(180, 110, 69)	XYZ
(-1, -1, -1)	(130, 128, 82)	XYZ
(-1, -1, -1)	(164, 68, 121)	XYZ
(-1, -1, -1)	(182, 86, 86)	ZYX
(661, 0, 697)	(55, 176, 139)	XYZ
(-1, -1, -1)	(112, 100, 120)	XYZ
(-1, -1, -1)	(136, 107, 90)	ZXY
(-1, -1, -1)	(74, 97, 181)	XYZ
(650, 651, 426)	(63, 121, 167)	XYZ
(-1, -1, -1)	(184, 57, 119)	XYZ
(-1, -1, -1)	(93, 135, 99)	XYZ
(911, 306, 856)	(63, 160, 122)	XYZ
(650, 785, 420)	(64, 127, 151)	XYZ
(-1, -1, -1)	(71, 172, 100)	XYZ
(-1, -1, -1)	(163, 107, 70)	XYZ
(907, 782, 303)	(62, 160, 122)	XYZ
(-1, -1, -1)	(177, 72, 94)	XYZ
(-1, -1, -1)	(145, 112, 73)	XYZ
(-1, -1, -1)	(124, 115, 83)	XYZ
(650, 785, 571)	(62, 124, 148)	XYZ
(-1, -1, -1)	(162, 62, 111)	XYZ
(-1, -1, -1)	(111, 95, 101)	XYZ
(-1, -1, -1)	(72, 141, 101)	XYZ
(-1, -1, -1)	(83, 122, 99)	XYZ
(-1, -1, -1)	(115, 101, 85)	ZYX
(161, 850, 881)	(77, 89, 142)	XYZ
(897, 146, 800)	(65, 96, 155)	XYZ
(895, 560, 813)	(64, 116, 128)	XYZ
(-1, -1, -1)	(105, 96, 94)	XZY
(592, 651, 526)	(58, 98, 166)	XYZ
(-1, -1, -1)	(75, 160, 78)	XYZ
(-1, -1, -1)	(87, 139, 77)	XYZ
(-1, -1, -1)	(76, 103, 118)	XYZ
(592, 749, 526)	(56, 179, 92)	XYZ
(-1, -1, -1)	(131, 73, 96)	XYZ
(-1, -1, -1)	(140, 119, 55)	XYZ
(-1, -1, -1)	(167, 83, 66)	XYZ
(-1, -1, -1)	(154, 74, 80)	XYZ
(-1, -1, -1)	(82, 118, 94)	XYZ
(-1, -1, -1)	(111, 76, 107)	XYZ
(-1, -1, -1)	(113, 67, 117)	XYZ
(-1, -1, -1)	(80, 106, 104)	XYZ
(-1, -1, -1)	(88, 62, 161)	XYZ
(-1, -1, -1)	(88, 121, 81)	XYZ
(650, 651, 593)	(56, 87, 176)	XYZ
(661, 0, 836)	(54, 157, 101)	XYZ
(-1, -1, -1)	(96, 126, 69)	XZY
(-1, -1, -1)	(99, 99, 85)	XYZ
(-1, -1, -1)	(81, 104, 98)	YXZ
(-1, -1, -1)	(111, 115, 64)	XYZ
(-1, -1, -1)	(71, 78, 146)	XYZ
(907, 782, 425)	(59, 134, 102)	XYZ
(-1, -1, -1)	(182, 63, 67)	XYZ
(-1, -1, -1)	(92, 151, 55)	XYZ
(-1, -1, -1)	(140, 79, 69)	XYZ
(-1, -1, -1)	(89, 101, 84)	XYZ
(-1, -1, -1)	(91, 72, 115)	XYZ
(-1, -1, -1)	(91, 62, 132)	XYZ
(-1, -1, -1)	(141, 82, 63)	XYZ
(-1, -1, -1)	(104, 101, 69)	XYZ
(-1, -1, -1)	(78, 90, 101)	XYZ
(0, 568, 839)	(96, 54, 129)	XYZ
(-1, -1, -1)	(85, 71, 108)	XYZ
(-1, -1, -1)	(63, 168, 60)	XYZ
(-1, -1, -1)	(72, 81, 105)	XYZ
(-1, -1, -1)	(62, 171, 57)	XYZ
(-1, -1, -1)	(90, 89, 75)	XYZ
(-1, -1, -1)	(82, 94, 77)	YZX
(-1, -1, -1)	(94, 72, 85)	XYZ
(650, 785, 719)	(59, 105, 92)	XYZ
(-1, -1, -1)	(131, 60, 70)	YXZ
(-1, -1, -1)	(80, 101, 67)	XYZ
(0, 0, 971)	(75, 134, 53)	XYZ
(895, 676, 813)	(62, 90, 95)	XYZ
(75, 0, 971)	(54, 185, 53)	XYZ
(592, 749, 618)	(55, 111, 86)	XYZ
(-1, -1, -1)	(81, 75, 86)	XYZ
(744, 179, 961)	(116, 79, 56)	XYZ
(661, 176, 697)	(52, 83, 116)	XYZ
(354, 178, 962)	(151, 57, 57)	XYZ
(-1, -1, -1)	(99, 76, 65)	XYZ
(-1, -1, -1)	(58, 147, 57)	XYZ
(513, 183, 962)	(111, 69, 57)	XYZ
(-1, -1, -1)	(97, 69, 64)	XYZ
(-1, -1, -1)	(64, 64, 104)	XYZ
(-1, -1, -1)	(91, 67, 68)	XYZ
(-1, -1, -1)	(119, 59, 59)	XYZ
(129, 0, 971)	(150, 52, 53)	XYZ
(592, 651, 692)	(58, 79, 86)	XYZ
(-1, -1, -1)	(74, 64, 79)	XYZ
(744, 949, 303)	(66, 56, 99)	XYZ
(897, 0, 937)	(60, 94, 54)	XYZ
(154, 567, 839)	(52, 54, 103)	XYZ
(810, 949, 303)	(75, 56, 65)	XYZ
