Найден на шаге: 131
Энергетическая функция: 0.7484
(0, 0, 0)	(354, 386, 372)	XYZ
(354, 0, 0)	(390, 276, 358)	XYZ
(354, 276, 0)	(379, 375, 248)	XYZ
(354, 276, 248)	(365, 280, 323)	YZX
(0, 0, 372)	(306, 295, 365)	XZY
(354, 0, 358)	(368, 263, 339)	XYZ
(354, 651, 0)	(367, 318, 266)	XYZ
(0, 386, 0)	(334, 276, 286)	YZX
(0, 662, 0)	(305, 283, 304)	XYZ
(354, 651, 266)	(288, 306, 294)	XYZ
(354, 651, 560)	(286, 285, 289)	XZY
(744, 0, 0)	(268, 322, 262)	XYZ
(-1, -1, -1)	(306, 306, 239)	ZXY
(0, 0, 737)	(296, 285, 260)	XYZ
(0, 386, 286)	(268, 268, 302)	XYZ
(-1, -1, -1)	(293, 304, 240)	XYZ
(0, 386, 588)	(265, 254, 307)	ZYX
(744, 0, 262)	(251, 306, 261)	XYZ
(0, 662, 304)	(293, 232, 290)	ZXY
(354, 276, 571)	(238, 274, 286)	XYZ
(354, 0, 697)	(251, 254, 287)	XYZ
(744, 322, 0)	(250, 253, 289)	ZYX
(744, 0, 523)	(218, 304, 275)	ZYX
(-1, -1, -1)	(263, 289, 236)	XYZ
(-1, -1, -1)	(254, 252, 272)	YZX
(-1, -1, -1)	(285, 234, 254)	YZX
(-1, -1, -1)	(277, 236, 257)	XYZ
(0, 662, 594)	(269, 208, 290)	XYZ
(744, 575, 0)	(239, 290, 234)	XYZ
(744, 322, 289)	(249, 240, 269)	XYZ
(-1, -1, -1)	(277, 238, 243)	XYZ
(-1, -1, -1)	(279, 225, 254)	XYZ
(-1, -1, -1)	(262, 278, 217)	YXZ
(744, 575, 234)	(222, 279, 251)	YZX
(744, 322, 558)	(246, 226, 278)	ZXY
(-1, -1, -1)	(300, 235, 217)	YXZ
(-1, -1, -1)	(226, 223, 303)	XYZ
(-1, -1, -1)	(214, 307, 232)	XYZ
(-1, -1, -1)	(247, 245, 244)	XZY
(-1, -1, -1)	(251, 269, 217)	ZYX
(-1, -1, -1)	(231, 223, 284)	ZYX
(744, 0, 798)	(214, 295, 222)	XYZ
(744, 575, 485)	(222, 238, 253)	YXZ
(-1, -1, -1)	(211, 283, 222)	XYZ
(-1, -1, -1)	(235, 234, 234)	XYZ
(744, 575, 738)	(215, 212, 281)	XYZ
(-1, -1, -1)	(212, 205, 211)	XYZ
(744, 322, 836)	(154, 182, 178)	XYZ
(-1, -1, -1)	(153, 182, 179)	XYZ
(354, 276, 857)	(167, 180, 159)	XYZ
(354, 651, 849)	(166, 167, 163)	XYZ
(744, 865, 0)	(151, 159, 183)	XYZ
(-1, -1, -1)	(184, 142, 165)	XZY
(744, 865, 183)	(150, 155, 182)	XYZ
(-1, -1, -1)	(153, 152, 170)	XYZ
(-1, -1, -1)	(174, 127, 176)	XYZ
(-1, -1, -1)	(133, 179, 161)	ZYX
(592, 276, 571)	(120, 181, 176)	XYZ
(0, 662, 884)	(168, 168, 133)	YXZ
(-1, -1, -1)	(129, 181, 158)	XYZ
(-1, -1, -1)	(174, 134, 155)	XYZ
(-1, -1, -1)	(163, 125, 174)	XYZ
(-1, -1, -1)	(147, 163, 147)	XYZ
(-1, -1, -1)	(163, 132, 162)	XYZ
(744, 865, 365)	(141, 147, 166)	XYZ
(0, 386, 895)	(178, 164, 117)	XYZ
(-1, -1, -1)	(129, 176, 143)	XYZ
(-1, -1, -1)	(137, 183, 126)	XYZ
(-1, -1, -1)	(158, 166, 119)	ZXY
(-1, -1, -1)	(183, 144, 114)	XYZ
(-1, -1, -1)	(182, 171, 96)	YZX
(-1, -1, -1)	(175, 148, 115)	YZX
(354, 818, 849)	(157, 112, 167)	YZX
(-1, -1, -1)	(183, 175, 91)	ZYX
(-1, -1, -1)	(135, 165, 130)	XYZ
(-1, -1, -1)	(158, 160, 114)	XYZ
(-1, -1, -1)	(173, 140, 114)	ZYX
(-1, -1, -1)	(155, 134, 130)	XYZ
(-1, -1, -1)	(178, 109, 139)	ZYX
(-1, -1, -1)	(170, 105, 148)	XYZ
(-1, -1, -1)	(155, 132, 129)	XYZ
(605, 0, 697)	(107, 178, 136)	XYZ
(0, 295, 372)	(172, 88, 168)	XYZ
(-1, -1, -1)	(165, 102, 151)	ZXY
(-1, -1, -1)	(121, 173, 121)	XYZ
(-1, -1, -1)	(158, 97, 165)	XYZ
(-1, -1, -1)	(124, 174, 116)	XYZ
(-1, -1, -1)	(122, 151, 135)	XYZ
(592, 276, 747)	(117, 177, 120)	XYZ
(-1, -1, -1)	(152, 163, 100)	ZYX
(605, 0, 833)	(99, 154, 161)	XYZ
(-1, -1, -1)	(154, 184, 85)	XYZ
(354, 556, 248)	(161, 90, 165)	XZY
(520, 651, 849)	(118, 138, 145)	XYZ
(744, 865, 531)	(121, 140, 139)	XYZ
(-1, -1, -1)	(156, 97, 154)	XYZ
(-1, -1, -1)	(146, 130, 122)	XYZ
(-1, -1, -1)	(165, 166, 84)	ZXY
(-1, -1, -1)	(126, 123, 148)	XYZ
(744, 865, 670)	(107, 116, 184)	ZXY
(-1, -1, -1)	(127, 143, 125)	XYZ
(592, 276, 867)	(100, 156, 145)	XYZ
(-1, -1, -1)	(158, 169, 84)	XYZ
(-1, -1, -1)	(183, 100, 122)	ZYX
(-1, -1, -1)	(121, 166, 110)	XYZ
(-1, -1, -1)	(132, 149, 112)	XYZ
(-1, -1, -1)	(154, 173, 82)	XYZ
(-1, -1, -1)	(132, 127, 130)	XYZ
(-1, -1, -1)	(154, 108, 129)	XYZ
(515, 556, 248)	(180, 90, 132)	XYZ
(-1, -1, -1)	(170, 98, 128)	XYZ
(520, 789, 849)	(114, 111, 162)	XZY
(-1, -1, -1)	(135, 125, 120)	XYZ
(-1, -1, -1)	(146, 110, 122)	XYZ
(0, 295, 540)	(161, 88, 138)	ZYX
(0, 550, 895)	(168, 89, 128)	ZXY
(-1, -1, -1)	(93, 127, 161)	XYZ
(354, 456, 857)	(163, 81, 143)	XYZ
(-1, -1, -1)	(169, 93, 119)	XYZ
(-1, -1, -1)	(108, 164, 105)	XYZ
(0, 945, 0)	(140, 75, 177)	XYZ
(744, 865, 854)	(100, 116, 158)	YZX
(-1, -1, -1)	(107, 171, 100)	YXZ
(-1, -1, -1)	(126, 139, 104)	XYZ
(-1, -1, -1)	(104, 147, 117)	XYZ
(-1, -1, -1)	(182, 113, 86)	XYZ
(-1, -1, -1)	(148, 96, 124)	XYZ
(-1, -1, -1)	(152, 166, 68)	XYZ
(168, 662, 884)	(94, 161, 111)	XYZ
(642, 651, 266)	(78, 135, 158)	ZXY
(268, 386, 286)	(59, 167, 168)	YXZ
(-1, -1, -1)	(162, 112, 91)	ZXY
(178, 386, 895)	(81, 161, 126)	YZX
(-1, -1, -1)	(103, 136, 116)	ZYX
(898, 322, 836)	(92, 119, 148)	XYZ
(-1, -1, -1)	(117, 168, 82)	YZX
(895, 865, 0)	(79, 142, 142)	YZX
(-1, -1, -1)	(180, 97, 91)	XYZ
(-1, -1, -1)	(159, 178, 56)	XYZ
(-1, -1, -1)	(184, 140, 61)	XYZ
(898, 441, 836)	(92, 102, 166)	XZY
(521, 276, 857)	(56, 175, 157)	YXZ
(354, 969, 0)	(184, 52, 159)	XYZ
(0, 295, 678)	(160, 70, 134)	ZXY
(-1, -1, -1)	(120, 164, 75)	XYZ
(-1, -1, -1)	(112, 147, 88)	ZXY
(-1, -1, -1)	(111, 176, 74)	XZY
(642, 786, 266)	(69, 136, 154)	XYZ
(172, 295, 372)	(92, 90, 173)	XZY
(642, 651, 424)	(75, 117, 163)	XYZ
(-1, -1, -1)	(141, 183, 55)	XYZ
(140, 945, 0)	(161, 61, 144)	XYZ
(-1, -1, -1)	(114, 153, 81)	YXZ
(-1, -1, -1)	(76, 145, 126)	XYZ
(895, 865, 142)	(69, 137, 146)	YXZ
(-1, -1, -1)	(115, 149, 80)	XYZ
(-1, -1, -1)	(180, 110, 69)	XYZ
(-1, -1, -1)	(130, 128, 82)	XYZ
(515, 556, 380)	(164, 68, 121)	XYZ
(172, 295, 545)	(86, 86, 182)	YZX
(-1, -1, -1)	(55, 176, 139)	XYZ
(-1, -1, -1)	(112, 100, 120)	XYZ
(354, 556, 413)	(107, 90, 136)	XYZ
(592, 457, 571)	(74, 97, 181)	XYZ
(642, 786, 420)	(63, 121, 167)	XYZ
(-1, -1, -1)	(184, 57, 119)	YZX
(-1, -1, -1)	(93, 99, 135)	XZY
(0, 295, 812)	(160, 63, 122)	YXZ
(-1, -1, -1)	(64, 151, 127)	XZY
(642, 651, 587)	(71, 100, 172)	XZY
(-1, -1, -1)	(163, 107, 70)	XYZ
(-1, -1, -1)	(160, 122, 62)	YZX
(-1, -1, -1)	(72, 177, 94)	YZX
(-1, -1, -1)	(145, 112, 73)	XYZ
(-1, -1, -1)	(124, 115, 83)	XYZ
(-1, -1, -1)	(124, 148, 62)	YZX
(515, 556, 501)	(162, 62, 111)	XYZ
(-1, -1, -1)	(95, 101, 111)	YZX
(-1, -1, -1)	(72, 141, 101)	XYZ
(-1, -1, -1)	(83, 122, 99)	XYZ
(-1, -1, -1)	(85, 101, 115)	XYZ
(605, 178, 697)	(89, 77, 142)	YXZ
(592, 457, 752)	(65, 96, 155)	XYZ
(895, 865, 288)	(64, 116, 128)	XYZ
(-1, -1, -1)	(96, 94, 105)	ZYX
(268, 386, 454)	(58, 98, 166)	XYZ
(-1, -1, -1)	(75, 160, 78)	XYZ
(-1, -1, -1)	(87, 139, 77)	XYZ
(-1, -1, -1)	(76, 103, 118)	XYZ
(-1, -1, -1)	(56, 179, 92)	YZX
(0, 945, 177)	(131, 73, 96)	XYZ
(-1, -1, -1)	(140, 119, 55)	XYZ
(-1, -1, -1)	(167, 83, 66)	XYZ
(-1, -1, -1)	(154, 74, 80)	XYZ
(-1, -1, -1)	(82, 118, 94)	XYZ
(-1, -1, -1)	(76, 111, 107)	YXZ
(-1, -1, -1)	(67, 113, 117)	YXZ
(-1, -1, -1)	(80, 104, 106)	XZY
(0, 945, 273)	(88, 62, 161)	XYZ
(-1, -1, -1)	(88, 121, 81)	XYZ
(140, 945, 144)	(87, 56, 176)	ZYX
(-1, -1, -1)	(54, 157, 101)	XYZ
(-1, -1, -1)	(126, 96, 69)	ZXY
(354, 556, 549)	(99, 85, 99)	YZX
(-1, -1, -1)	(104, 81, 98)	XYZ
(-1, -1, -1)	(111, 115, 64)	XYZ
(172, 295, 727)	(71, 78, 146)	XYZ
(-1, -1, -1)	(59, 134, 102)	XYZ
(-1, -1, -1)	(182, 67, 63)	YZX
(-1, -1, -1)	(92, 151, 55)	XYZ
(-1, -1, -1)	(79, 140, 69)	YXZ
(-1, -1, -1)	(89, 101, 84)	XYZ
(354, 556, 648)	(91, 72, 115)	XYZ
(642, 651, 759)	(62, 91, 132)	YXZ
(-1, -1, -1)	(141, 82, 63)	XYZ
(-1, -1, -1)	(69, 101, 104)	ZYX
(-1, -1, -1)	(78, 101, 90)	XZY
(538, 969, 0)	(96, 54, 129)	XYZ
(605, 178, 839)	(85, 71, 108)	XYZ
(-1, -1, -1)	(63, 168, 60)	XYZ
(178, 547, 895)	(72, 81, 105)	XYZ
(-1, -1, -1)	(62, 171, 57)	XYZ
(-1, -1, -1)	(89, 90, 75)	YXZ
(-1, -1, -1)	(77, 94, 82)	ZXY
(-1, -1, -1)	(94, 72, 85)	XYZ
(268, 553, 286)	(59, 92, 105)	XZY
(-1, -1, -1)	(60, 131, 70)	XYZ
(-1, -1, -1)	(80, 101, 67)	XYZ
(-1, -1, -1)	(75, 134, 53)	XYZ
(592, 457, 907)	(62, 90, 95)	XYZ
(268, 386, 620)	(54, 53, 185)	XZY
(140, 945, 320)	(86, 55, 111)	ZXY
(-1, -1, -1)	(81, 75, 86)	XYZ
(-1, -1, -1)	(116, 79, 56)	XYZ
(0, 945, 434)	(83, 52, 116)	ZYX
(0, 295, 934)	(151, 57, 57)	XYZ
(-1, -1, -1)	(76, 99, 65)	ZYX
(-1, -1, -1)	(58, 147, 57)	XYZ
(-1, -1, -1)	(111, 69, 57)	XYZ
(-1, -1, -1)	(97, 69, 64)	XYZ
(172, 295, 873)	(64, 64, 104)	XYZ
(354, 556, 763)	(91, 68, 67)	XZY
(268, 553, 391)	(59, 59, 119)	ZYX
(268, 484, 454)	(53, 52, 150)	XZY
(642, 786, 587)	(58, 79, 86)	XYZ
(605, 178, 947)	(79, 64, 74)	ZYX
(227, 945, 144)	(66, 56, 99)	XYZ
(895, 865, 416)	(60, 94, 54)	XYZ
(268, 553, 510)	(52, 54, 103)	XYZ
(515, 556, 612)	(75, 56, 65)	XYZ
