Найден на шаге: 210
Энергетическая функция: 0.7459
(0, 0, 0)	(354, 386, 372)	XZY
(0, 386, 0)	(276, 390, 358)	YXZ
(354, 0, 0)	(375, 248, 379)	YZX
(0, 0, 372)	(323, 365, 280)	XYZ
(0, 0, 652)	(295, 365, 306)	ZYX
(354, 248, 0)	(368, 263, 339)	XYZ
(354, 511, 0)	(367, 318, 266)	XYZ
(354, 511, 266)	(334, 286, 276)	XYZ
(-1, -1, -1)	(304, 305, 283)	XZY
(729, 0, 0)	(288, 306, 294)	XYZ
(729, 0, 294)	(286, 289, 285)	XYZ
(354, 511, 542)	(322, 268, 262)	YXZ
(0, 386, 358)	(239, 306, 306)	YXZ
(-1, -1, -1)	(296, 285, 260)	XYZ
(729, 306, 0)	(268, 268, 302)	XYZ
(-1, -1, -1)	(293, 304, 240)	XYZ
(354, 248, 339)	(307, 254, 265)	XYZ
(729, 574, 0)	(251, 306, 261)	XYZ
(0, 386, 664)	(232, 290, 293)	XYZ
(729, 0, 579)	(274, 286, 238)	YZX
(354, 248, 604)	(251, 254, 287)	XYZ
(-1, -1, -1)	(289, 253, 250)	XYZ
(-1, -1, -1)	(275, 304, 218)	XYZ
(-1, -1, -1)	(289, 263, 236)	XZY
(729, 306, 302)	(252, 254, 272)	XYZ
(-1, -1, -1)	(254, 285, 234)	XYZ
(354, 0, 379)	(277, 236, 257)	XYZ
(-1, -1, -1)	(290, 269, 208)	XYZ
(729, 574, 261)	(239, 290, 234)	XYZ
(0, 776, 0)	(249, 240, 269)	XYZ
(-1, -1, -1)	(277, 238, 243)	XYZ
(729, 306, 574)	(225, 254, 279)	ZXY
(-1, -1, -1)	(278, 217, 262)	YZX
(-1, -1, -1)	(279, 251, 222)	YXZ
(-1, -1, -1)	(246, 278, 226)	ZYX
(-1, -1, -1)	(300, 217, 235)	ZYX
(0, 776, 269)	(226, 223, 303)	XYZ
(-1, -1, -1)	(232, 307, 214)	ZYX
(-1, -1, -1)	(247, 245, 244)	ZYX
(354, 511, 804)	(269, 251, 217)	XYZ
(-1, -1, -1)	(284, 223, 231)	XYZ
(-1, -1, -1)	(214, 295, 222)	XYZ
(354, 0, 636)	(238, 222, 253)	XYZ
(729, 574, 495)	(222, 283, 211)	ZYX
(-1, -1, -1)	(234, 235, 234)	YXZ
(0, 776, 572)	(215, 212, 281)	XYZ
(729, 574, 706)	(212, 205, 211)	XYZ
(354, 829, 0)	(154, 182, 178)	XYZ
(0, 776, 853)	(179, 182, 153)	XYZ
(508, 829, 0)	(180, 167, 159)	YXZ
(508, 829, 159)	(166, 167, 163)	XYZ
(354, 829, 178)	(151, 159, 183)	XYZ
(729, 0, 817)	(184, 142, 165)	XYZ
(354, 829, 361)	(150, 155, 182)	XYZ
(729, 306, 853)	(170, 152, 153)	ZYX
(729, 880, 0)	(174, 127, 176)	XYZ
(354, 0, 889)	(161, 179, 133)	XYZ
(-1, -1, -1)	(120, 181, 176)	XYZ
(354, 248, 891)	(168, 168, 133)	XYZ
(-1, -1, -1)	(129, 181, 158)	XYZ
(729, 142, 817)	(174, 134, 155)	XYZ
(729, 880, 176)	(174, 125, 163)	XYZ
(508, 829, 322)	(147, 163, 147)	XYZ
(508, 829, 469)	(132, 163, 162)	YXZ
(-1, -1, -1)	(141, 166, 147)	XZY
(-1, -1, -1)	(164, 178, 117)	YXZ
(-1, -1, -1)	(129, 176, 143)	XYZ
(-1, -1, -1)	(137, 183, 126)	XYZ
(729, 880, 339)	(166, 119, 158)	XYZ
(-1, -1, -1)	(114, 183, 144)	ZXY
(631, 0, 379)	(96, 182, 171)	XYZ
(-1, -1, -1)	(175, 148, 115)	XYZ
(508, 829, 631)	(112, 157, 167)	ZYX
(729, 574, 917)	(183, 175, 91)	ZYX
(-1, -1, -1)	(135, 165, 130)	XYZ
(-1, -1, -1)	(158, 160, 114)	XYZ
(-1, -1, -1)	(173, 114, 140)	ZXY
(-1, -1, -1)	(155, 134, 130)	XYZ
(354, 829, 543)	(139, 109, 178)	ZXY
(-1, -1, -1)	(170, 105, 148)	ZYX
(-1, -1, -1)	(132, 155, 129)	ZXY
(-1, -1, -1)	(178, 136, 107)	YZX
(-1, -1, -1)	(168, 172, 88)	YXZ
(-1, -1, -1)	(165, 151, 102)	ZYX
(-1, -1, -1)	(121, 173, 121)	XYZ
(-1, -1, -1)	(158, 165, 97)	XZY
(-1, -1, -1)	(124, 174, 116)	XYZ
(-1, -1, -1)	(122, 151, 135)	XYZ
(-1, -1, -1)	(117, 177, 120)	XYZ
(508, 829, 798)	(100, 152, 163)	XZY
(-1, -1, -1)	(99, 154, 161)	XYZ
(-1, -1, -1)	(154, 184, 85)	XYZ
(-1, -1, -1)	(161, 165, 90)	XYZ
(-1, -1, -1)	(145, 138, 118)	ZYX
(-1, -1, -1)	(139, 121, 140)	ZXY
(-1, -1, -1)	(97, 156, 154)	YXZ
(-1, -1, -1)	(146, 130, 122)	XYZ
(0, 692, 358)	(166, 84, 165)	XYZ
(-1, -1, -1)	(123, 126, 148)	XZY
(-1, -1, -1)	(116, 184, 107)	XYZ
(-1, -1, -1)	(125, 143, 127)	ZYX
(-1, -1, -1)	(100, 156, 145)	XYZ
(-1, -1, -1)	(169, 158, 84)	YXZ
(354, 829, 721)	(122, 100, 183)	XYZ
(-1, -1, -1)	(121, 166, 110)	XYZ
(-1, -1, -1)	(132, 149, 112)	XYZ
(-1, -1, -1)	(154, 173, 82)	XYZ
(-1, -1, -1)	(132, 130, 127)	XZY
(-1, -1, -1)	(154, 129, 108)	XZY
(-1, -1, -1)	(180, 90, 132)	XYZ
(729, 458, 853)	(170, 98, 128)	XYZ
(-1, -1, -1)	(114, 162, 111)	XYZ
(-1, -1, -1)	(135, 125, 120)	XYZ
(729, 880, 497)	(146, 110, 122)	XYZ
(631, 0, 550)	(88, 138, 161)	YXZ
(-1, -1, -1)	(128, 168, 89)	YZX
(-1, -1, -1)	(127, 161, 93)	YZX
(0, 692, 523)	(143, 81, 163)	ZYX
(-1, -1, -1)	(169, 93, 119)	XYZ
(-1, -1, -1)	(164, 108, 105)	YXZ
(-1, -1, -1)	(177, 140, 75)	ZXY
(-1, -1, -1)	(100, 116, 158)	YZX
(-1, -1, -1)	(100, 171, 107)	ZXY
(-1, -1, -1)	(126, 139, 104)	XYZ
(-1, -1, -1)	(104, 117, 147)	XZY
(-1, -1, -1)	(182, 113, 86)	XYZ
(729, 880, 619)	(124, 96, 148)	ZYX
(-1, -1, -1)	(166, 152, 68)	XYZ
(-1, -1, -1)	(94, 161, 111)	XYZ
(276, 386, 0)	(78, 135, 158)	ZXY
(729, 779, 706)	(167, 59, 168)	XYZ
(-1, -1, -1)	(91, 162, 112)	XYZ
(631, 0, 711)	(81, 126, 161)	YXZ
(-1, -1, -1)	(116, 136, 103)	XYZ
(-1, -1, -1)	(92, 119, 148)	XYZ
(-1, -1, -1)	(117, 168, 82)	YZX
(0, 692, 686)	(142, 79, 142)	XYZ
(-1, -1, -1)	(180, 97, 91)	XYZ
(0, 0, 958)	(159, 178, 56)	ZXY
(0, 692, 828)	(140, 61, 184)	YZX
(-1, -1, -1)	(102, 166, 92)	ZYX
(0, 386, 957)	(175, 157, 56)	ZYX
(-1, -1, -1)	(184, 52, 159)	XYZ
(276, 386, 158)	(70, 134, 160)	XYZ
(-1, -1, -1)	(120, 164, 75)	XYZ
(913, 0, 817)	(88, 112, 147)	YZX
(276, 521, 0)	(74, 176, 111)	YZX
(276, 521, 111)	(69, 136, 154)	XYZ
(-1, -1, -1)	(92, 173, 90)	XYZ
(729, 880, 767)	(117, 75, 163)	XYZ
(0, 178, 958)	(141, 183, 55)	XYZ
(-1, -1, -1)	(144, 161, 61)	YZX
(-1, -1, -1)	(153, 114, 81)	XYZ
(515, 0, 889)	(76, 145, 126)	XYZ
(276, 697, 0)	(69, 146, 137)	XYZ
(522, 248, 891)	(80, 149, 115)	ZYX
(-1, -1, -1)	(180, 110, 69)	XYZ
(-1, -1, -1)	(130, 128, 82)	XYZ
(354, 416, 891)	(164, 68, 121)	XYZ
(-1, -1, -1)	(182, 86, 86)	ZXY
(276, 697, 137)	(55, 139, 176)	XZY
(354, 829, 904)	(120, 100, 112)	XYZ
(-1, -1, -1)	(136, 107, 90)	XYZ
(903, 880, 0)	(74, 97, 181)	XYZ
(276, 386, 318)	(63, 121, 167)	XYZ
(-1, -1, -1)	(184, 57, 119)	XYZ
(-1, -1, -1)	(93, 135, 99)	XYZ
(276, 843, 0)	(63, 160, 122)	XYZ
(-1, -1, -1)	(127, 64, 151)	YXZ
(-1, -1, -1)	(172, 100, 71)	YZX
(-1, -1, -1)	(163, 107, 70)	XYZ
(159, 0, 958)	(122, 160, 62)	ZYX
(-1, -1, -1)	(177, 72, 94)	XYZ
(-1, -1, -1)	(112, 73, 145)	YZX
(-1, -1, -1)	(124, 83, 115)	ZXY
(-1, -1, -1)	(124, 62, 148)	YXZ
(-1, -1, -1)	(162, 62, 111)	XYZ
(-1, -1, -1)	(101, 95, 111)	ZYX
(913, 112, 817)	(72, 141, 101)	ZXY
(-1, -1, -1)	(83, 122, 99)	XYZ
(-1, -1, -1)	(115, 101, 85)	ZYX
(-1, -1, -1)	(89, 77, 142)	YXZ
(159, 160, 958)	(96, 155, 65)	YZX
(276, 521, 265)	(64, 116, 128)	XYZ
(-1, -1, -1)	(105, 94, 96)	XYZ
(276, 386, 485)	(58, 98, 166)	XYZ
(-1, -1, -1)	(160, 75, 78)	YXZ
(-1, -1, -1)	(87, 139, 77)	XYZ
(631, 0, 872)	(76, 103, 118)	XYZ
(-1, -1, -1)	(179, 92, 56)	ZYX
(-1, -1, -1)	(131, 73, 96)	XYZ
(729, 779, 874)	(140, 55, 119)	XYZ
(0, 543, 957)	(167, 83, 66)	XYZ
(-1, -1, -1)	(154, 80, 74)	YXZ
(-1, -1, -1)	(82, 94, 118)	ZXY
(-1, -1, -1)	(76, 111, 107)	YXZ
(-1, -1, -1)	(67, 117, 113)	YZX
(-1, -1, -1)	(80, 106, 104)	XYZ
(-1, -1, -1)	(161, 88, 62)	ZXY
(-1, -1, -1)	(121, 81, 88)	YZX
(276, 386, 651)	(56, 87, 176)	XYZ
(-1, -1, -1)	(157, 54, 101)	YXZ
(-1, -1, -1)	(96, 69, 126)	XYZ
(-1, -1, -1)	(99, 85, 99)	YZX
(-1, -1, -1)	(81, 98, 104)	YZX
(-1, -1, -1)	(111, 115, 64)	XYZ
(166, 692, 358)	(71, 78, 146)	XYZ
(-1, -1, -1)	(134, 59, 102)	YXZ
(-1, -1, -1)	(63, 182, 67)	YXZ
(508, 829, 961)	(92, 151, 55)	XYZ
(913, 112, 918)	(69, 140, 79)	ZXY
(-1, -1, -1)	(89, 101, 84)	XYZ
(-1, -1, -1)	(91, 72, 115)	XYZ
(276, 843, 122)	(62, 132, 91)	YZX
(-1, -1, -1)	(141, 63, 82)	XZY
(-1, -1, -1)	(104, 101, 69)	XYZ
(522, 397, 891)	(78, 90, 101)	XYZ
(-1, -1, -1)	(96, 129, 54)	XZY
(729, 880, 930)	(108, 71, 85)	ZYX
(166, 692, 504)	(60, 63, 168)	ZXY
(903, 880, 181)	(72, 81, 105)	XYZ
(276, 521, 393)	(62, 57, 171)	XZY
(-1, -1, -1)	(90, 89, 75)	XYZ
(-1, -1, -1)	(94, 77, 82)	XZY
(-1, -1, -1)	(94, 72, 85)	XYZ
(-1, -1, -1)	(92, 105, 59)	ZYX
(276, 843, 213)	(60, 131, 70)	XYZ
(-1, -1, -1)	(80, 101, 67)	XYZ
(276, 697, 313)	(53, 134, 75)	ZYX
(-1, -1, -1)	(62, 90, 95)	XYZ
(-1, -1, -1)	(185, 54, 53)	YXZ
(276, 386, 827)	(55, 86, 111)	XZY
(-1, -1, -1)	(81, 75, 86)	XYZ
(-1, -1, -1)	(116, 79, 56)	XYZ
(276, 697, 388)	(52, 83, 116)	XYZ
(166, 692, 672)	(57, 57, 151)	YZX
(-1, -1, -1)	(99, 76, 65)	XYZ
(661, 248, 339)	(58, 147, 57)	XYZ
(-1, -1, -1)	(111, 69, 57)	XYZ
(-1, -1, -1)	(69, 97, 64)	YXZ
(-1, -1, -1)	(104, 64, 64)	YXZ
(-1, -1, -1)	(68, 91, 67)	ZXY
(276, 578, 393)	(59, 59, 119)	ZYX
(-1, -1, -1)	(150, 52, 53)	XYZ
(631, 182, 379)	(79, 58, 86)	XYZ
(903, 880, 286)	(64, 79, 74)	YZX
(913, 0, 964)	(66, 99, 56)	XZY
(276, 843, 283)	(60, 94, 54)	XYZ
(276, 521, 564)	(52, 54, 103)	XYZ
(631, 182, 465)	(75, 56, 65)	XYZ
(323, 0, 372)	(1, 1, 1)	ZYX
(0, 365, 372)	(1, 1, 1)	XYZ
(324, 0, 372)	(1, 1, 1)	XYZ
(323, 0, 373)	(1, 1, 1)	YXZ
(323, 1, 372)	(1, 1, 1)	YXZ
