Найден на шаге: 93
Энергетическая функция: 0.7486
(0, 0, 0)	(354, 386, 372)	XYZ
(354, 0, 0)	(390, 276, 358)	XYZ
(354, 276, 0)	(379, 375, 248)	XYZ
(0, 0, 372)	(323, 365, 280)	XYZ
(354, 276, 248)	(365, 306, 295)	YXZ
(354, 0, 358)	(368, 263, 339)	XYZ
(354, 651, 0)	(367, 318, 266)	XYZ
(0, 386, 0)	(334, 286, 276)	XYZ
(0, 0, 652)	(305, 283, 304)	XYZ
(0, 672, 0)	(306, 294, 288)	YZX
(0, 386, 276)	(289, 286, 285)	XYZ
(744, 0, 0)	(268, 322, 262)	XYZ
(0, 672, 288)	(306, 239, 306)	ZYX
(354, 276, 543)	(296, 285, 260)	XYZ
(0, 386, 561)	(268, 268, 302)	XYZ
(354, 651, 266)	(293, 304, 240)	XYZ
(354, 0, 697)	(307, 254, 265)	XYZ
(744, 0, 262)	(251, 306, 261)	XYZ
(354, 651, 506)	(293, 290, 232)	ZYX
(354, 651, 738)	(238, 274, 286)	XYZ
(744, 322, 0)	(251, 254, 287)	XYZ
(-1, -1, -1)	(289, 253, 250)	XYZ
(-1, -1, -1)	(275, 304, 218)	XYZ
(-1, -1, -1)	(263, 289, 236)	XYZ
(-1, -1, -1)	(252, 254, 272)	XYZ
(-1, -1, -1)	(254, 285, 234)	XYZ
(0, 672, 594)	(277, 236, 257)	XYZ
(-1, -1, -1)	(269, 208, 290)	XYZ
(744, 0, 523)	(239, 290, 234)	XYZ
(744, 322, 287)	(249, 240, 269)	XYZ
(744, 576, 0)	(243, 277, 238)	ZXY
(-1, -1, -1)	(279, 225, 254)	XYZ
(354, 276, 803)	(278, 262, 217)	XYZ
(-1, -1, -1)	(251, 222, 279)	XYZ
(744, 0, 757)	(226, 278, 246)	XYZ
(744, 322, 556)	(235, 217, 300)	XYZ
(744, 576, 238)	(226, 223, 303)	XYZ
(-1, -1, -1)	(214, 307, 232)	XYZ
(-1, -1, -1)	(244, 245, 247)	YZX
(-1, -1, -1)	(269, 251, 217)	XYZ
(-1, -1, -1)	(284, 223, 231)	XYZ
(-1, -1, -1)	(214, 295, 222)	XYZ
(-1, -1, -1)	(238, 222, 253)	XYZ
(-1, -1, -1)	(211, 283, 222)	XYZ
(-1, -1, -1)	(235, 234, 234)	XYZ
(744, 576, 541)	(215, 212, 281)	XYZ
(-1, -1, -1)	(212, 205, 211)	XYZ
(744, 576, 822)	(154, 182, 178)	XYZ
(0, 386, 863)	(179, 182, 153)	XYZ
(0, 672, 851)	(167, 180, 159)	XYZ
(744, 853, 0)	(166, 167, 163)	XYZ
(744, 853, 163)	(151, 159, 183)	XYZ
(744, 322, 856)	(184, 142, 165)	XYZ
(744, 853, 346)	(150, 155, 182)	XYZ
(-1, -1, -1)	(153, 152, 170)	XYZ
(-1, -1, -1)	(174, 127, 176)	XYZ
(-1, -1, -1)	(161, 179, 133)	XYZ
(-1, -1, -1)	(181, 176, 120)	YZX
(-1, -1, -1)	(168, 168, 133)	XYZ
(-1, -1, -1)	(129, 158, 181)	XZY
(-1, -1, -1)	(134, 174, 155)	ZXY
(-1, -1, -1)	(174, 163, 125)	XZY
(-1, -1, -1)	(147, 163, 147)	XYZ
(-1, -1, -1)	(163, 132, 162)	XYZ
(744, 853, 528)	(141, 147, 166)	XYZ
(-1, -1, -1)	(178, 164, 117)	XYZ
(-1, -1, -1)	(129, 176, 143)	XYZ
(-1, -1, -1)	(137, 183, 126)	XYZ
(-1, -1, -1)	(166, 119, 158)	XYZ
(-1, -1, -1)	(183, 144, 114)	XYZ
(167, 672, 851)	(96, 182, 171)	XYZ
(-1, -1, -1)	(175, 148, 115)	XYZ
(-1, -1, -1)	(167, 157, 112)	XYZ
(-1, -1, -1)	(91, 175, 183)	XYZ
(-1, -1, -1)	(130, 165, 135)	ZYX
(-1, -1, -1)	(158, 160, 114)	XYZ
(744, 853, 694)	(114, 140, 173)	XYZ
(-1, -1, -1)	(134, 130, 155)	YZX
(-1, -1, -1)	(139, 109, 178)	XYZ
(-1, -1, -1)	(170, 148, 105)	XYZ
(-1, -1, -1)	(155, 132, 129)	XYZ
(-1, -1, -1)	(107, 178, 136)	XYZ
(-1, -1, -1)	(88, 168, 172)	YZX
(-1, -1, -1)	(102, 151, 165)	ZXY
(-1, -1, -1)	(121, 173, 121)	XYZ
(-1, -1, -1)	(158, 97, 165)	XYZ
(-1, -1, -1)	(124, 174, 116)	XYZ
(-1, -1, -1)	(122, 151, 135)	XYZ
(-1, -1, -1)	(117, 177, 120)	XYZ
(-1, -1, -1)	(100, 163, 152)	XYZ
(-1, -1, -1)	(99, 154, 161)	XYZ
(-1, -1, -1)	(154, 184, 85)	XYZ
(-1, -1, -1)	(161, 165, 90)	XYZ
(-1, -1, -1)	(118, 145, 138)	XZY
(-1, -1, -1)	(121, 140, 139)	XYZ
(-1, -1, -1)	(156, 97, 154)	XYZ
(-1, -1, -1)	(146, 130, 122)	XYZ
(-1, -1, -1)	(166, 84, 165)	XYZ
(-1, -1, -1)	(126, 123, 148)	XYZ
(-1, -1, -1)	(116, 184, 107)	XYZ
(-1, -1, -1)	(127, 143, 125)	XYZ
(-1, -1, -1)	(100, 145, 156)	XZY
(-1, -1, -1)	(169, 158, 84)	YXZ
(-1, -1, -1)	(122, 100, 183)	XYZ
(-1, -1, -1)	(121, 166, 110)	XYZ
(-1, -1, -1)	(112, 149, 132)	ZYX
(-1, -1, -1)	(154, 173, 82)	XYZ
(-1, -1, -1)	(132, 127, 130)	XYZ
(-1, -1, -1)	(108, 154, 129)	YXZ
(-1, -1, -1)	(180, 90, 132)	XYZ
(-1, -1, -1)	(170, 98, 128)	XYZ
(-1, -1, -1)	(114, 162, 111)	XYZ
(-1, -1, -1)	(135, 125, 120)	XYZ
(-1, -1, -1)	(146, 110, 122)	XYZ
(-1, -1, -1)	(138, 88, 161)	XYZ
(-1, -1, -1)	(128, 168, 89)	XYZ
(-1, -1, -1)	(93, 127, 161)	XYZ
(0, 283, 652)	(163, 81, 143)	XYZ
(-1, -1, -1)	(169, 93, 119)	XYZ
(-1, -1, -1)	(108, 164, 105)	XYZ
(163, 283, 652)	(140, 75, 177)	XYZ
(-1, -1, -1)	(158, 116, 100)	XYZ
(-1, -1, -1)	(171, 107, 100)	XYZ
(744, 853, 867)	(104, 126, 139)	XYZ
(-1, -1, -1)	(147, 117, 104)	YZX
(179, 386, 863)	(86, 182, 113)	ZXY
(-1, -1, -1)	(96, 124, 148)	XZY
(0, 0, 956)	(152, 166, 68)	XYZ
(-1, -1, -1)	(94, 161, 111)	XYZ
(-1, -1, -1)	(135, 158, 78)	XYZ
(354, 582, 248)	(168, 59, 167)	ZYX
(-1, -1, -1)	(91, 162, 112)	XYZ
(-1, -1, -1)	(161, 126, 81)	ZXY
(-1, -1, -1)	(136, 103, 116)	YZX
(-1, -1, -1)	(148, 119, 92)	ZYX
(-1, -1, -1)	(82, 117, 168)	XYZ
(0, 283, 795)	(142, 79, 142)	XYZ
(-1, -1, -1)	(180, 97, 91)	XYZ
(354, 0, 962)	(159, 178, 56)	XYZ
(-1, -1, -1)	(184, 140, 61)	XYZ
(-1, -1, -1)	(92, 166, 102)	XYZ
(0, 966, 0)	(175, 56, 157)	XYZ
(0, 911, 288)	(184, 52, 159)	XYZ
(647, 651, 266)	(70, 134, 160)	XYZ
(-1, -1, -1)	(120, 164, 75)	XYZ
(-1, -1, -1)	(88, 147, 112)	YXZ
(163, 283, 829)	(111, 74, 176)	XYZ
(650, 276, 543)	(69, 136, 154)	XYZ
(-1, -1, -1)	(92, 173, 90)	XYZ
(910, 853, 0)	(75, 117, 163)	XYZ
(152, 0, 956)	(141, 183, 55)	XYZ
(0, 568, 863)	(161, 61, 144)	XYZ
(-1, -1, -1)	(153, 81, 114)	XZY
(-1, -1, -1)	(76, 126, 145)	XZY
(650, 412, 543)	(69, 146, 137)	XYZ
(-1, -1, -1)	(115, 80, 149)	XZY
(-1, -1, -1)	(180, 110, 69)	XYZ
(-1, -1, -1)	(130, 128, 82)	XYZ
(522, 582, 248)	(164, 68, 121)	XYZ
(-1, -1, -1)	(86, 86, 182)	XYZ
(661, 0, 697)	(55, 176, 139)	XYZ
(-1, -1, -1)	(112, 100, 120)	XYZ
(-1, -1, -1)	(107, 90, 136)	XYZ
(910, 853, 163)	(74, 97, 181)	XYZ
(650, 276, 697)	(63, 121, 167)	XYZ
(744, 464, 856)	(184, 57, 119)	XYZ
(-1, -1, -1)	(99, 93, 135)	YXZ
(647, 785, 266)	(63, 160, 122)	XYZ
(647, 651, 426)	(64, 127, 151)	XYZ
(-1, -1, -1)	(172, 100, 71)	YZX
(-1, -1, -1)	(163, 107, 70)	XYZ
(647, 785, 388)	(62, 160, 122)	XYZ
(910, 853, 344)	(72, 94, 177)	ZYX
(-1, -1, -1)	(145, 112, 73)	XYZ
(-1, -1, -1)	(124, 115, 83)	XYZ
(650, 412, 680)	(62, 124, 148)	XYZ
(522, 582, 369)	(162, 62, 111)	XYZ
(-1, -1, -1)	(111, 95, 101)	XYZ
(-1, -1, -1)	(72, 141, 101)	XYZ
(-1, -1, -1)	(83, 122, 99)	XYZ
(-1, -1, -1)	(85, 101, 115)	XYZ
(-1, -1, -1)	(89, 142, 77)	YZX
(-1, -1, -1)	(65, 96, 155)	XYZ
(647, 651, 577)	(64, 116, 128)	XYZ
(-1, -1, -1)	(105, 94, 96)	XYZ
(650, 412, 828)	(58, 98, 166)	XYZ
(-1, -1, -1)	(160, 75, 78)	YXZ
(-1, -1, -1)	(77, 87, 139)	ZXY
(-1, -1, -1)	(76, 103, 118)	XYZ
(898, 576, 822)	(56, 179, 92)	XYZ
(-1, -1, -1)	(131, 96, 73)	XZY
(513, 0, 962)	(140, 119, 55)	XYZ
(910, 853, 521)	(66, 83, 167)	ZYX
(-1, -1, -1)	(154, 74, 80)	XYZ
(-1, -1, -1)	(94, 82, 118)	ZXY
(-1, -1, -1)	(111, 76, 107)	XYZ
(-1, -1, -1)	(113, 67, 117)	XYZ
(-1, -1, -1)	(80, 106, 104)	XYZ
(522, 582, 480)	(88, 62, 161)	XYZ
(-1, -1, -1)	(88, 121, 81)	XYZ
(647, 651, 705)	(56, 87, 176)	XYZ
(661, 0, 836)	(54, 157, 101)	XYZ
(-1, -1, -1)	(96, 69, 126)	XYZ
(-1, -1, -1)	(99, 99, 85)	XYZ
(-1, -1, -1)	(104, 81, 98)	XYZ
(0, 166, 956)	(111, 115, 64)	XYZ
(179, 568, 863)	(71, 78, 146)	XYZ
(513, 119, 962)	(102, 134, 59)	ZYX
(-1, -1, -1)	(182, 63, 67)	XYZ
(-1, -1, -1)	(92, 151, 55)	XYZ
(0, 283, 937)	(140, 79, 69)	XYZ
(-1, -1, -1)	(89, 84, 101)	XZY
(-1, -1, -1)	(91, 72, 115)	XYZ
(-1, -1, -1)	(91, 62, 132)	XYZ
(152, 183, 956)	(141, 82, 63)	XYZ
(-1, -1, -1)	(104, 101, 69)	XYZ
(-1, -1, -1)	(78, 90, 101)	XYZ
(175, 966, 0)	(96, 54, 129)	XYZ
(-1, -1, -1)	(85, 71, 108)	XYZ
(-1, -1, -1)	(63, 168, 60)	XYZ
(-1, -1, -1)	(72, 81, 105)	XYZ
(-1, -1, -1)	(62, 171, 57)	XYZ
(-1, -1, -1)	(75, 90, 89)	ZXY
(-1, -1, -1)	(94, 82, 77)	XYZ
(-1, -1, -1)	(85, 94, 72)	ZXY
(650, 276, 864)	(59, 105, 92)	XYZ
(647, 785, 510)	(60, 131, 70)	XYZ
(-1, -1, -1)	(80, 101, 67)	XYZ
(0, 966, 157)	(75, 53, 134)	XZY
(-1, -1, -1)	(62, 90, 95)	XYZ
(592, 651, 738)	(54, 185, 53)	XYZ
(647, 785, 580)	(55, 111, 86)	XYZ
(-1, -1, -1)	(81, 75, 86)	XYZ
(-1, -1, -1)	(116, 79, 56)	XYZ
(184, 911, 288)	(116, 52, 83)	ZXY
(354, 178, 962)	(151, 57, 57)	XYZ
(-1, -1, -1)	(99, 76, 65)	XYZ
(354, 582, 415)	(147, 57, 58)	YZX
(354, 582, 473)	(111, 57, 69)	XZY
(-1, -1, -1)	(97, 69, 64)	XYZ
(910, 853, 688)	(64, 64, 104)	XYZ
(-1, -1, -1)	(91, 67, 68)	XYZ
(-1, -1, -1)	(119, 59, 59)	XYZ
(175, 966, 129)	(52, 53, 150)	YZX
(-1, -1, -1)	(58, 79, 86)	XYZ
(-1, -1, -1)	(74, 64, 79)	XYZ
(75, 966, 157)	(99, 56, 66)	ZYX
(-1, -1, -1)	(60, 94, 54)	XYZ
(0, 852, 851)	(52, 54, 103)	XYZ
(75, 966, 223)	(75, 56, 65)	XYZ
