160 160 160
58 48 58
50 53 47
46 47 57
47 53 48
44 53 47
47 43 49
46 48 43
48 43 44
48 42 45
47 41 46
48 45 41
46 45 42
47 45 41
55 39 39
41 42 47
40 48 42
40 43 45
46 42 40
42 39 47
33 48 48
39 47 40
48 37 41
45 41 39
43 38 44
45 33 47
37 48 39
37 39 47
45 35 43
43 42 37
36 40 46
44 35 43
42 35 45
43 45 33
45 38 37
34 40 44
34 45 39
36 35 47
42 40 35
40 33 44
37 33 45
42 37 34
45 35 33
36 36 39
36 34 40
40 37 33
35 36 36
36 34 35
38 33 33
27 27 27
23 29 29
29 26 25
29 29 22
28 28 23
26 23 29
26 27 23
25 22 28
29 23 23
24 25 25
26 21 27
29 23 22
26 28 20
22 22 29
19 25 28
24 21 26
28 17 27
29 27 16
16 29 27
21 21 28
25 29 17
25 29 17
22 25 22
21 26 22
15 29 27
22 28 19
21 24 23
26 24 18
24 23 20
23 17 28
26 26 16
26 16 26
18 26 23
23 21 22
28 25 15
17 21 29
26 24 16
15 27 24
28 15 23
22 19 23
28 19 18
27 27 13
27 25 14
14 28 24
28 16 21
29 16 20
28 22 15
23 25 16
29 15 21
19 19 25
25 18 20
18 25 20
20 28 16
21 19 22
26 14 24
24 13 27
28 20 15
15 25 22
12 25 27
26 14 22
28 20 14
17 27 17
25 26 12
24 19 17
14 29 19
25 14 22
19 27 15
23 13 25
22 26 13
26 22 13
24 28 11
15 23 21
20 17 21
13 26 21
18 28 14
15 26 18
14 20 25
23 20 15
22 24 13
21 19 17
10 27 25
29 11 21
25 11 24
18 13 28
22 11 27
20 16 20
24 24 11
19 13 25
21 14 21
27 9 25
14 16 27
18 21 16
25 15 16
25 9 26
12 21 23
17 16 21
13 15 29
24 13 18
27 16 13
12 17 27
20 21 13
15 20 18
28 12 16
14 20 19
20 22 12
20 22 12
21 10 25
25 21 10
28 11 17
19 17 16
9 22 26
15 18 19
28 13 14
17 21 14
14 27 13
17 24 12
26 11 17
9 20 27
27 20 9
14 15 23
12 19 21
16 21 14
23 18 11
27 11 15
18 15 16
11 17 23
26 15 11
14 20 15
20 13 16
11 17 22
16 18 14
14 22 13
16 25 10
18 13 17
24 11 15
19 13 16
15 20 13
25 13 12
26 15 10
9 28 15
15 19 13
22 12 14
13 14 20
27 12 11
29 11 11
15 19 12
19 12 15
10 12 28
14 14 17
10 15 22
26 9 14
13 12 21
19 13 13
16 10 20
11 10 29
14 14 16
10 13 24
16 12 16
16 13 14
16 12 15
10 16 18
15 12 16
19 15 10
12 9 26
18 10 15
11 27 9
19 14 10
10 26 10
12 16 13
16 13 12
9 25 11
19 10 12
10 11 20
9 9 27
12 20 9
11 14 14
25 9 9
9 10 22
11 18 10
13 10 14
9 14 14
14 12 10
11 10 15
15 10 11
12 11 12
11 12 9
11 10 9
9 12 9
