Найден на шаге: 32
Энергетическая функция: 0.853
(0, 0, 0)	(11, 11, 11)	YXZ
(11, 0, 0)	(12, 9, 12)	XYZ
(0, 0, 11)	(10, 11, 9)	YXZ
(0, 11, 0)	(11, 9, 9)	XYZ
(11, 9, 0)	(8, 12, 9)	ZXY
(0, 0, 20)	(9, 11, 8)	YZX
(0, 11, 9)	(8, 8, 9)	XYZ
(0, 20, 0)	(8, 9, 8)	XYZ
(11, 0, 12)	(9, 8, 8)	XYZ
(11, 0, 20)	(9, 7, 9)	XYZ
(0, 20, 8)	(7, 9, 9)	XYZ
(0, 20, 17)	(7, 9, 9)	XYZ
(-1, -1, -1)	(9, 9, 7)	XYZ
(0, 11, 18)	(8, 8, 8)	XZY
(11, 9, 9)	(8, 8, 8)	XYZ
(11, 21, 0)	(7, 8, 9)	YXZ
(11, 9, 17)	(8, 7, 9)	XYZ
(23, 0, 0)	(7, 9, 8)	XZY
(-1, -1, -1)	(8, 9, 7)	XYZ
(11, 21, 9)	(7, 8, 9)	XYZ
(-1, -1, -1)	(9, 8, 7)	XYZ
(-1, -1, -1)	(9, 7, 8)	XYZ
(-1, -1, -1)	(8, 8, 7)	XYZ
(-1, -1, -1)	(8, 7, 8)	XYZ
(-1, -1, -1)	(8, 7, 8)	XYZ
(-1, -1, -1)	(8, 7, 8)	XYZ
(-1, -1, -1)	(8, 7, 8)	XZY
(-1, -1, -1)	(8, 8, 7)	XYZ
(11, 21, 18)	(7, 7, 9)	XYZ
(23, 0, 8)	(7, 7, 9)	XYZ
(23, 9, 0)	(7, 7, 9)	XYZ
(23, 0, 17)	(7, 7, 9)	XYZ
(-1, -1, -1)	(9, 7, 7)	XYZ
(-1, -1, -1)	(9, 7, 7)	XYZ
(23, 9, 9)	(7, 7, 9)	XYZ
(23, 16, 0)	(7, 7, 9)	XYZ
(-1, -1, -1)	(7, 9, 7)	XYZ
(23, 9, 18)	(7, 7, 8)	XYZ
(23, 16, 9)	(7, 7, 7)	XYZ
(23, 23, 0)	(6, 6, 6)	XYZ
(23, 16, 16)	(6, 5, 6)	YXZ
(23, 23, 6)	(6, 6, 5)	XYZ
(23, 16, 22)	(5, 5, 6)	XYZ
(23, 23, 11)	(5, 6, 5)	XYZ
(23, 23, 16)	(5, 5, 6)	XYZ
(23, 23, 22)	(5, 5, 6)	XZY
(-1, -1, -1)	(5, 6, 5)	XYZ
(11, 17, 9)	(6, 4, 6)	XYZ
(-1, -1, -1)	(5, 5, 5)	XYZ
(19, 9, 0)	(4, 5, 6)	XYZ
(11, 17, 15)	(5, 4, 6)	YXZ
(8, 11, 9)	(3, 6, 6)	XYZ
(19, 9, 6)	(4, 5, 5)	XYZ
(11, 17, 21)	(5, 4, 5)	XYZ
(0, 11, 26)	(5, 5, 4)	YXZ
(0, 20, 26)	(5, 5, 4)	XYZ
(11, 9, 26)	(5, 5, 4)	XYZ
(-1, -1, -1)	(5, 4, 5)	XYZ
(23, 0, 26)	(5, 5, 4)	XYZ
(23, 9, 26)	(5, 5, 4)	XYZ
(19, 14, 0)	(4, 5, 5)	XYZ
(-1, -1, -1)	(5, 4, 5)	XYZ
(19, 9, 11)	(4, 4, 6)	XYZ
(-1, -1, -1)	(6, 3, 5)	XYZ
(11, 21, 27)	(5, 6, 3)	XYZ
(-1, -1, -1)	(5, 6, 3)	ZXY
(8, 20, 0)	(3, 5, 6)	XYZ
(-1, -1, -1)	(6, 5, 3)	XYZ
(-1, -1, -1)	(6, 3, 5)	XYZ
(19, 14, 5)	(4, 4, 5)	XYZ
(19, 19, 0)	(4, 5, 4)	XYZ
(19, 9, 17)	(4, 4, 5)	XYZ
(0, 25, 26)	(5, 4, 4)	XYZ
(19, 14, 10)	(4, 4, 5)	XYZ
(11, 17, 26)	(5, 4, 4)	XYZ
(19, 19, 4)	(4, 4, 5)	XYZ
(19, 24, 0)	(4, 5, 4)	XYZ
(19, 24, 4)	(4, 5, 4)	XYZ
(-1, -1, -1)	(5, 4, 4)	XYZ
(19, 24, 8)	(4, 5, 4)	XYZ
(19, 9, 22)	(4, 4, 5)	XYZ
(-1, -1, -1)	(5, 3, 5)	XYZ
(-1, -1, -1)	(5, 3, 5)	XYZ
(-1, -1, -1)	(5, 3, 5)	XYZ
(8, 11, 15)	(3, 5, 5)	XYZ
(-1, -1, -1)	(5, 3, 5)	XYZ
(-1, -1, -1)	(5, 5, 3)	XYZ
(8, 20, 6)	(3, 5, 5)	ZYX
(-1, -1, -1)	(5, 3, 5)	XYZ
(8, 25, 0)	(3, 5, 5)	XYZ
(-1, -1, -1)	(5, 5, 3)	XYZ
(-1, -1, -1)	(5, 5, 3)	YZX
(-1, -1, -1)	(5, 5, 3)	XYZ
(-1, -1, -1)	(5, 5, 3)	XZY
(8, 11, 20)	(3, 5, 5)	XYZ
(-1, -1, -1)	(6, 4, 3)	XYZ
(5, 11, 26)	(3, 6, 4)	XYZ
(20, 0, 12)	(3, 6, 4)	XYZ
(-1, -1, -1)	(6, 3, 4)	XZY
(-1, -1, -1)	(6, 3, 4)	XYZ
(-1, -1, -1)	(4, 6, 3)	XYZ
(20, 0, 16)	(3, 6, 4)	XYZ
(-1, -1, -1)	(4, 6, 3)	XYZ
(19, 14, 15)	(4, 4, 4)	ZXY
(19, 19, 9)	(4, 4, 4)	XYZ
(19, 14, 19)	(4, 4, 4)	XYZ
(19, 19, 13)	(4, 4, 4)	XYZ
(19, 14, 23)	(4, 4, 4)	XYZ
(19, 19, 17)	(4, 3, 5)	XYZ
(19, 24, 12)	(4, 5, 3)	XYZ
(20, 0, 20)	(2, 6, 5)	YZX
(8, 20, 11)	(3, 4, 5)	XYZ
(0, 16, 26)	(5, 3, 4)	XYZ
(8, 25, 5)	(3, 5, 4)	XYZ
(19, 19, 22)	(4, 3, 5)	XYZ
(-1, -1, -1)	(5, 4, 3)	XYZ
(23, 7, 8)	(5, 2, 6)	XYZ
(8, 11, 25)	(3, 5, 4)	XYZ
(19, 24, 15)	(4, 5, 3)	XYZ
(8, 20, 16)	(3, 4, 5)	XYZ
(-1, -1, -1)	(6, 3, 3)	XYZ
(16, 9, 26)	(3, 6, 3)	XYZ
(0, 0, 28)	(5, 5, 2)	XYZ
(0, 5, 28)	(5, 5, 2)	XYZ
(23, 16, 28)	(5, 5, 2)	XYZ
(19, 24, 18)	(4, 2, 6)	XYZ
(5, 20, 26)	(2, 6, 4)	XYZ
(19, 9, 27)	(4, 4, 3)	XYZ
(19, 26, 18)	(4, 3, 4)	XYZ
(19, 26, 22)	(4, 3, 4)	XZY
(8, 25, 9)	(3, 4, 4)	XYZ
(19, 26, 26)	(4, 3, 4)	XYZ
(-1, -1, -1)	(4, 3, 4)	XYZ
(19, 14, 27)	(4, 4, 3)	XYZ
(8, 20, 21)	(3, 4, 4)	XYZ
(19, 24, 24)	(4, 2, 6)	XYZ
(-1, -1, -1)	(4, 4, 3)	XYZ
(8, 25, 13)	(3, 4, 4)	XYZ
(8, 20, 25)	(3, 4, 4)	XYZ
(-1, -1, -1)	(4, 4, 3)	XYZ
(8, 25, 17)	(3, 4, 4)	XYZ
(-1, -1, -1)	(3, 5, 3)	XYZ
(-1, -1, -1)	(3, 5, 3)	XYZ
(8, 17, 9)	(3, 3, 5)	ZYX
(8, 17, 14)	(3, 3, 5)	XYZ
(23, 23, 28)	(5, 4, 2)	XYZ
(20, 0, 25)	(2, 5, 4)	XYZ
(-1, -1, -1)	(5, 4, 2)	XYZ
(23, 7, 14)	(4, 2, 5)	XYZ
(11, 14, 26)	(5, 2, 4)	XYZ
(23, 7, 19)	(4, 2, 5)	XYZ
(28, 0, 26)	(2, 5, 4)	XYZ
(8, 25, 21)	(2, 4, 5)	YZX
(5, 0, 28)	(4, 5, 2)	XYZ
(28, 9, 26)	(2, 5, 4)	XYZ
(8, 17, 19)	(3, 3, 4)	XYZ
(19, 19, 27)	(4, 3, 3)	XYZ
(-1, -1, -1)	(3, 4, 3)	XYZ
(8, 17, 23)	(3, 2, 6)	YXZ
(-1, -1, -1)	(3, 4, 3)	XYZ
(-1, -1, -1)	(4, 3, 3)	XYZ
(-1, -1, -1)	(6, 3, 2)	XYZ
(16, 21, 27)	(2, 6, 3)	XYZ
(5, 5, 28)	(3, 6, 2)	XYZ
(-1, -1, -1)	(4, 3, 3)	XYZ
(-1, -1, -1)	(3, 6, 2)	XYZ
(-1, -1, -1)	(2, 6, 3)	XYZ
(-1, -1, -1)	(4, 3, 3)	XYZ
(-1, -1, -1)	(4, 3, 3)	XYZ
(-1, -1, -1)	(3, 4, 3)	XYZ
(-1, -1, -1)	(3, 4, 3)	XYZ
(-1, -1, -1)	(4, 3, 3)	XYZ
(-1, -1, -1)	(2, 6, 3)	XYZ
(20, 6, 12)	(3, 3, 4)	XYZ
(-1, -1, -1)	(3, 4, 3)	XYZ
(-1, -1, -1)	(4, 4, 2)	XYZ
(8, 25, 26)	(2, 4, 4)	XYZ
(-1, -1, -1)	(4, 4, 2)	XYZ
(17, 17, 9)	(2, 4, 4)	XYZ
(23, 5, 26)	(4, 2, 4)	XYZ
(20, 6, 16)	(3, 2, 5)	XYZ
(17, 17, 13)	(2, 3, 5)	XYZ
(20, 6, 21)	(3, 2, 5)	XYZ
(-1, -1, -1)	(5, 3, 2)	XYZ
(23, 14, 26)	(5, 2, 3)	XYZ
(-1, -1, -1)	(3, 5, 2)	XYZ
(23, 7, 24)	(3, 2, 5)	XYZ
(-1, -1, -1)	(3, 5, 2)	XYZ
(17, 17, 18)	(2, 3, 5)	XZY
(-1, -1, -1)	(3, 5, 2)	XYZ
(23, 21, 16)	(3, 2, 5)	XYZ
(-1, -1, -1)	(2, 5, 3)	XYZ
(-1, -1, -1)	(3, 5, 2)	XYZ
(-1, -1, -1)	(3, 3, 3)	XYZ
(17, 17, 23)	(2, 2, 6)	XYZ
(-1, -1, -1)	(2, 4, 3)	XYZ
(-1, -1, -1)	(3, 4, 2)	ZYX
(-1, -1, -1)	(4, 2, 3)	XYZ
(-1, -1, -1)	(4, 2, 3)	XZY
(5, 17, 26)	(3, 2, 3)	XYZ
(5, 26, 26)	(2, 3, 3)	XYZ
(-1, -1, -1)	(3, 3, 2)	XYZ
(-1, -1, -1)	(3, 3, 2)	XYZ
(20, 6, 26)	(3, 2, 2)	XYZ
(20, 6, 28)	(3, 2, 2)	ZYX
(28, 7, 8)	(2, 2, 3)	XYZ
