Найден на шаге: 74
Энергетическая функция: 0.7276
(0, 0, 0)	(354, 386, 372)	XYZ
(354, 0, 0)	(390, 276, 358)	XYZ
(354, 276, 0)	(379, 375, 248)	XYZ
(0, 0, 372)	(323, 365, 280)	XYZ
(0, 386, 0)	(306, 365, 295)	XYZ
(354, 276, 248)	(263, 368, 339)	YXZ
(354, 651, 0)	(367, 318, 266)	XYZ
(354, 651, 266)	(334, 286, 276)	XYZ
(0, 0, 652)	(305, 283, 304)	XYZ
(0, 386, 295)	(294, 306, 288)	ZYX
(0, 386, 583)	(286, 289, 285)	XYZ
(354, 0, 358)	(322, 268, 262)	YXZ
(0, 751, 0)	(306, 239, 306)	XYZ
(354, 276, 587)	(260, 285, 296)	ZYX
(354, 0, 620)	(268, 268, 302)	XYZ
(-1, -1, -1)	(293, 304, 240)	XYZ
(354, 651, 542)	(307, 254, 265)	XYZ
(744, 0, 0)	(251, 306, 261)	XYZ
(744, 0, 261)	(232, 290, 293)	XYZ
(744, 306, 0)	(238, 274, 286)	XYZ
(-1, -1, -1)	(251, 287, 254)	XZY
(-1, -1, -1)	(289, 253, 250)	XYZ
(744, 0, 554)	(218, 275, 304)	ZXY
(744, 580, 0)	(236, 289, 263)	ZYX
(-1, -1, -1)	(254, 272, 252)	YZX
(-1, -1, -1)	(254, 285, 234)	XYZ
(0, 751, 306)	(277, 236, 257)	XYZ
(-1, -1, -1)	(290, 208, 269)	YZX
(744, 306, 286)	(234, 239, 290)	ZXY
(-1, -1, -1)	(249, 240, 269)	XYZ
(-1, -1, -1)	(277, 238, 243)	XYZ
(-1, -1, -1)	(279, 225, 254)	XYZ
(-1, -1, -1)	(278, 262, 217)	XYZ
(0, 751, 563)	(251, 222, 279)	XYZ
(-1, -1, -1)	(246, 226, 278)	ZXY
(354, 651, 807)	(300, 235, 217)	ZYX
(744, 306, 576)	(226, 223, 303)	XYZ
(-1, -1, -1)	(214, 307, 232)	XYZ
(-1, -1, -1)	(244, 245, 247)	YZX
(-1, -1, -1)	(269, 251, 217)	XYZ
(-1, -1, -1)	(284, 223, 231)	XYZ
(-1, -1, -1)	(214, 295, 222)	XYZ
(-1, -1, -1)	(238, 222, 253)	XYZ
(744, 580, 263)	(211, 283, 222)	XZY
(-1, -1, -1)	(235, 234, 234)	XYZ
(-1, -1, -1)	(215, 212, 281)	XYZ
(-1, -1, -1)	(212, 211, 205)	XZY
(0, 751, 842)	(154, 182, 178)	XYZ
(0, 386, 868)	(179, 182, 153)	XYZ
(744, 0, 858)	(167, 180, 159)	XYZ
(744, 580, 485)	(166, 167, 163)	XYZ
(744, 580, 648)	(151, 159, 183)	XYZ
(744, 869, 0)	(184, 142, 165)	XYZ
(744, 580, 831)	(150, 155, 182)	XYZ
(-1, -1, -1)	(153, 152, 170)	XYZ
(744, 869, 165)	(174, 127, 176)	XYZ
(354, 276, 883)	(179, 161, 133)	YXZ
(-1, -1, -1)	(120, 181, 176)	XYZ
(744, 306, 879)	(168, 168, 133)	XYZ
(-1, -1, -1)	(158, 129, 181)	ZXY
(-1, -1, -1)	(174, 134, 155)	XYZ
(744, 869, 341)	(174, 125, 163)	XYZ
(-1, -1, -1)	(147, 163, 147)	XYZ
(-1, -1, -1)	(132, 162, 163)	YZX
(-1, -1, -1)	(141, 147, 166)	XYZ
(-1, -1, -1)	(178, 164, 117)	XYZ
(-1, -1, -1)	(129, 176, 143)	XYZ
(-1, -1, -1)	(126, 137, 183)	ZXY
(744, 869, 504)	(166, 119, 158)	XYZ
(-1, -1, -1)	(183, 144, 114)	XYZ
(154, 751, 842)	(96, 182, 171)	XYZ
(617, 276, 248)	(115, 148, 175)	ZYX
(-1, -1, -1)	(167, 157, 112)	XYZ
(617, 424, 248)	(91, 175, 183)	XYZ
(-1, -1, -1)	(135, 165, 130)	XYZ
(744, 747, 485)	(158, 114, 160)	XZY
(617, 276, 423)	(114, 140, 173)	XYZ
(-1, -1, -1)	(155, 134, 130)	XYZ
(744, 747, 645)	(139, 109, 178)	XYZ
(179, 386, 868)	(105, 170, 148)	ZXY
(-1, -1, -1)	(155, 132, 129)	XYZ
(-1, -1, -1)	(107, 178, 136)	XYZ
(-1, -1, -1)	(172, 88, 168)	XYZ
(744, 869, 662)	(151, 102, 165)	YXZ
(354, 437, 883)	(173, 121, 121)	YXZ
(-1, -1, -1)	(158, 97, 165)	XYZ
(-1, -1, -1)	(124, 174, 116)	XYZ
(-1, -1, -1)	(122, 151, 135)	XYZ
(-1, -1, -1)	(117, 177, 120)	XYZ
(0, 568, 868)	(163, 100, 152)	XYZ
(-1, -1, -1)	(99, 154, 161)	XYZ
(354, 0, 922)	(154, 184, 85)	XYZ
(-1, -1, -1)	(161, 165, 90)	XYZ
(-1, -1, -1)	(118, 138, 145)	XYZ
(-1, -1, -1)	(121, 140, 139)	XYZ
(-1, -1, -1)	(156, 97, 154)	XYZ
(-1, -1, -1)	(146, 130, 122)	XYZ
(744, 180, 858)	(166, 84, 165)	XYZ
(-1, -1, -1)	(126, 123, 148)	XYZ
(-1, -1, -1)	(116, 184, 107)	XYZ
(-1, -1, -1)	(143, 127, 125)	YXZ
(-1, -1, -1)	(100, 156, 145)	XYZ
(-1, -1, -1)	(158, 169, 84)	XYZ
(744, 747, 823)	(122, 100, 183)	XYZ
(-1, -1, -1)	(121, 166, 110)	XYZ
(-1, -1, -1)	(149, 112, 132)	YZX
(-1, -1, -1)	(154, 173, 82)	XYZ
(-1, -1, -1)	(132, 127, 130)	XYZ
(617, 276, 596)	(108, 129, 154)	YZX
(-1, -1, -1)	(180, 132, 90)	XZY
(-1, -1, -1)	(170, 98, 128)	XYZ
(-1, -1, -1)	(111, 114, 162)	ZXY
(-1, -1, -1)	(120, 125, 135)	ZYX
(-1, -1, -1)	(146, 110, 122)	XYZ
(-1, -1, -1)	(161, 88, 138)	ZYX
(-1, -1, -1)	(128, 168, 89)	XYZ
(617, 276, 750)	(93, 127, 161)	XYZ
(0, 283, 652)	(163, 81, 143)	XYZ
(-1, -1, -1)	(169, 93, 119)	XYZ
(-1, -1, -1)	(164, 105, 108)	YZX
(163, 283, 652)	(140, 75, 177)	XYZ
(-1, -1, -1)	(158, 100, 116)	XYZ
(-1, -1, -1)	(171, 107, 100)	XYZ
(-1, -1, -1)	(104, 126, 139)	ZXY
(-1, -1, -1)	(104, 147, 117)	XYZ
(617, 424, 431)	(86, 113, 182)	ZYX
(744, 869, 827)	(148, 96, 124)	XYZ
(0, 0, 956)	(152, 166, 68)	XYZ
(-1, -1, -1)	(94, 161, 111)	XYZ
(-1, -1, -1)	(135, 158, 78)	XYZ
(0, 692, 295)	(167, 59, 168)	XYZ
(-1, -1, -1)	(91, 112, 162)	XZY
(533, 276, 883)	(81, 161, 126)	YZX
(-1, -1, -1)	(116, 136, 103)	XYZ
(179, 556, 868)	(92, 119, 148)	XYZ
(-1, -1, -1)	(82, 117, 168)	XYZ
(0, 283, 795)	(142, 79, 142)	XYZ
(-1, -1, -1)	(180, 97, 91)	XYZ
(-1, -1, -1)	(159, 178, 56)	XYZ
(-1, -1, -1)	(184, 140, 61)	XYZ
(508, 0, 922)	(92, 166, 102)	XYZ
(676, 0, 358)	(56, 175, 157)	ZXY
(-1, -1, -1)	(159, 184, 52)	ZXY
(-1, -1, -1)	(70, 134, 160)	XYZ
(-1, -1, -1)	(120, 164, 75)	XYZ
(-1, -1, -1)	(147, 88, 112)	XYZ
(-1, -1, -1)	(111, 176, 74)	XZY
(-1, -1, -1)	(69, 136, 154)	XYZ
(-1, -1, -1)	(92, 173, 90)	XYZ
(-1, -1, -1)	(75, 117, 163)	XYZ
(152, 0, 956)	(141, 183, 55)	XYZ
(354, 561, 587)	(144, 61, 161)	ZYX
(-1, -1, -1)	(153, 114, 81)	XYZ
(-1, -1, -1)	(76, 145, 126)	XYZ
(-1, -1, -1)	(69, 146, 137)	XYZ
(-1, -1, -1)	(115, 149, 80)	XYZ
(-1, -1, -1)	(180, 110, 69)	XYZ
(-1, -1, -1)	(130, 128, 82)	XYZ
(-1, -1, -1)	(164, 68, 121)	XYZ
(-1, -1, -1)	(182, 86, 86)	ZXY
(912, 306, 879)	(55, 176, 139)	XYZ
(-1, -1, -1)	(112, 100, 120)	XYZ
(-1, -1, -1)	(90, 136, 107)	YZX
(617, 424, 613)	(74, 97, 181)	XYZ
(-1, -1, -1)	(63, 121, 167)	XYZ
(-1, -1, -1)	(184, 57, 119)	XYZ
(-1, -1, -1)	(93, 135, 99)	YXZ
(-1, -1, -1)	(63, 160, 122)	XYZ
(-1, -1, -1)	(64, 127, 151)	XYZ
(163, 283, 829)	(100, 71, 172)	ZXY
(-1, -1, -1)	(163, 107, 70)	XYZ
(-1, -1, -1)	(62, 160, 122)	XYZ
(-1, -1, -1)	(177, 72, 94)	XYZ
(-1, -1, -1)	(112, 145, 73)	YXZ
(-1, -1, -1)	(124, 115, 83)	XYZ
(-1, -1, -1)	(62, 124, 148)	XYZ
(-1, -1, -1)	(162, 62, 111)	XYZ
(-1, -1, -1)	(111, 95, 101)	XYZ
(533, 437, 883)	(72, 101, 141)	XZY
(617, 276, 911)	(83, 122, 99)	XYZ
(-1, -1, -1)	(85, 101, 115)	XYZ
(-1, -1, -1)	(77, 89, 142)	XYZ
(617, 424, 794)	(65, 96, 155)	XYZ
(-1, -1, -1)	(64, 116, 128)	XYZ
(-1, -1, -1)	(105, 94, 96)	XYZ
(-1, -1, -1)	(98, 166, 58)	ZYX
(-1, -1, -1)	(75, 160, 78)	XYZ
(-1, -1, -1)	(87, 139, 77)	XYZ
(-1, -1, -1)	(118, 76, 103)	ZXY
(-1, -1, -1)	(56, 179, 92)	XYZ
(354, 184, 922)	(131, 73, 96)	XYZ
(-1, -1, -1)	(140, 119, 55)	XYZ
(-1, -1, -1)	(167, 83, 66)	XYZ
(-1, -1, -1)	(74, 154, 80)	YXZ
(-1, -1, -1)	(82, 118, 94)	XYZ
(498, 561, 587)	(111, 76, 107)	XYZ
(-1, -1, -1)	(67, 113, 117)	YXZ
(-1, -1, -1)	(80, 106, 104)	XYZ
(498, 561, 694)	(88, 62, 161)	XYZ
(-1, -1, -1)	(88, 121, 81)	XYZ
(676, 0, 515)	(56, 87, 176)	XYZ
(622, 0, 620)	(54, 157, 101)	XYZ
(-1, -1, -1)	(96, 69, 126)	XYZ
(-1, -1, -1)	(99, 99, 85)	XYZ
(-1, -1, -1)	(104, 81, 98)	XYZ
(-1, -1, -1)	(115, 64, 111)	YZX
(-1, -1, -1)	(71, 78, 146)	XYZ
(-1, -1, -1)	(59, 134, 102)	XYZ
(-1, -1, -1)	(182, 63, 67)	XYZ
(-1, -1, -1)	(55, 151, 92)	ZYX
(0, 283, 937)	(140, 79, 69)	XYZ
(508, 166, 922)	(89, 101, 84)	XYZ
(-1, -1, -1)	(115, 72, 91)	ZYX
(-1, -1, -1)	(91, 62, 132)	XYZ
(0, 166, 956)	(141, 82, 63)	XYZ
(-1, -1, -1)	(104, 101, 69)	XYZ
(-1, -1, -1)	(90, 78, 101)	YXZ
(152, 183, 956)	(129, 96, 54)	ZXY
(-1, -1, -1)	(71, 85, 108)	YXZ
(-1, -1, -1)	(63, 168, 60)	XYZ
(-1, -1, -1)	(72, 81, 105)	XYZ
(-1, -1, -1)	(62, 171, 57)	XYZ
(-1, -1, -1)	(90, 89, 75)	XYZ
(-1, -1, -1)	(94, 82, 77)	XYZ
(-1, -1, -1)	(94, 72, 85)	XYZ
(-1, -1, -1)	(59, 105, 92)	XYZ
(-1, -1, -1)	(60, 131, 70)	XYZ
(-1, -1, -1)	(80, 101, 67)	XYZ
(622, 0, 721)	(53, 134, 75)	ZYX
(-1, -1, -1)	(90, 62, 95)	YXZ
(-1, -1, -1)	(54, 185, 53)	XYZ
(-1, -1, -1)	(55, 111, 86)	XYZ
(-1, -1, -1)	(81, 75, 86)	XYZ
(744, 869, 951)	(116, 79, 56)	XYZ
(676, 175, 358)	(52, 83, 116)	XYZ
(0, 692, 463)	(151, 57, 57)	XYZ
(-1, -1, -1)	(99, 76, 65)	XYZ
(-1, -1, -1)	(147, 58, 57)	YXZ
(-1, -1, -1)	(111, 69, 57)	XYZ
(-1, -1, -1)	(97, 69, 64)	XYZ
(-1, -1, -1)	(64, 64, 104)	XYZ
(-1, -1, -1)	(91, 67, 68)	XYZ
(167, 692, 295)	(119, 59, 59)	XYZ
(0, 692, 520)	(150, 52, 53)	XYZ
(-1, -1, -1)	(58, 79, 86)	XYZ
(-1, -1, -1)	(64, 74, 79)	YXZ
(167, 692, 354)	(66, 56, 99)	XYZ
(617, 424, 949)	(60, 94, 54)	XYZ
(233, 692, 354)	(52, 54, 103)	XYZ
(354, 561, 748)	(75, 56, 65)	XYZ
