Найден на шаге: 70
Энергетическая функция: 0.7386
(0, 0, 0)	(354, 386, 372)	XYZ
(354, 0, 0)	(390, 276, 358)	XYZ
(354, 276, 0)	(379, 375, 248)	XYZ
(0, 0, 372)	(280, 323, 365)	ZXY
(0, 386, 0)	(306, 365, 295)	XYZ
(354, 0, 358)	(368, 263, 339)	XYZ
(354, 276, 248)	(367, 318, 266)	XYZ
(354, 651, 0)	(334, 286, 276)	XYZ
(0, 386, 295)	(305, 283, 304)	XYZ
(354, 276, 514)	(288, 306, 294)	XYZ
(-1, -1, -1)	(285, 289, 286)	ZYX
(0, 0, 737)	(268, 322, 262)	XYZ
(0, 751, 0)	(306, 239, 306)	XYZ
(354, 651, 276)	(296, 285, 260)	XYZ
(0, 386, 599)	(268, 268, 302)	XYZ
(-1, -1, -1)	(293, 304, 240)	XYZ
(354, 0, 697)	(307, 254, 265)	XYZ
(744, 0, 0)	(251, 306, 261)	XYZ
(744, 0, 261)	(232, 290, 293)	XYZ
(354, 651, 536)	(286, 274, 238)	ZYX
(744, 306, 0)	(251, 254, 287)	XYZ
(-1, -1, -1)	(289, 253, 250)	XYZ
(-1, -1, -1)	(275, 304, 218)	XYZ
(-1, -1, -1)	(263, 289, 236)	XYZ
(-1, -1, -1)	(252, 254, 272)	XYZ
(354, 651, 774)	(285, 254, 234)	YXZ
(0, 751, 306)	(277, 236, 257)	XYZ
(0, 751, 563)	(269, 208, 290)	XYZ
(744, 560, 0)	(239, 290, 234)	XYZ
(744, 306, 287)	(249, 240, 269)	XYZ
(-1, -1, -1)	(277, 238, 243)	XYZ
(744, 0, 554)	(225, 279, 254)	XZY
(-1, -1, -1)	(278, 262, 217)	XYZ
(-1, -1, -1)	(279, 251, 222)	ZXY
(744, 560, 234)	(226, 278, 246)	XYZ
(744, 306, 556)	(235, 217, 300)	XYZ
(744, 560, 480)	(226, 223, 303)	XYZ
(-1, -1, -1)	(214, 307, 232)	XYZ
(-1, -1, -1)	(244, 247, 245)	YXZ
(-1, -1, -1)	(269, 251, 217)	XYZ
(-1, -1, -1)	(231, 223, 284)	ZYX
(-1, -1, -1)	(214, 295, 222)	XYZ
(-1, -1, -1)	(238, 222, 253)	XYZ
(-1, -1, -1)	(211, 283, 222)	XYZ
(-1, -1, -1)	(234, 235, 234)	YXZ
(354, 276, 808)	(212, 281, 215)	YZX
(744, 0, 808)	(212, 205, 211)	XYZ
(744, 560, 783)	(154, 182, 178)	XYZ
(0, 751, 853)	(179, 182, 153)	XYZ
(744, 306, 856)	(167, 180, 159)	XYZ
(744, 850, 0)	(166, 167, 163)	XYZ
(-1, -1, -1)	(159, 183, 151)	YZX
(-1, -1, -1)	(184, 142, 165)	XYZ
(744, 850, 163)	(150, 155, 182)	XYZ
(-1, -1, -1)	(153, 152, 170)	XYZ
(-1, -1, -1)	(174, 127, 176)	XYZ
(-1, -1, -1)	(161, 179, 133)	XYZ
(-1, -1, -1)	(120, 181, 176)	XYZ
(-1, -1, -1)	(168, 168, 133)	XYZ
(-1, -1, -1)	(129, 181, 158)	XYZ
(-1, -1, -1)	(174, 134, 155)	XYZ
(-1, -1, -1)	(174, 125, 163)	XYZ
(-1, -1, -1)	(147, 163, 147)	XYZ
(-1, -1, -1)	(163, 132, 162)	XYZ
(744, 850, 345)	(141, 147, 166)	XYZ
(0, 386, 901)	(178, 164, 117)	XYZ
(-1, -1, -1)	(129, 176, 143)	XYZ
(-1, -1, -1)	(137, 183, 126)	XYZ
(-1, -1, -1)	(166, 119, 158)	XYZ
(-1, -1, -1)	(183, 144, 114)	XYZ
(-1, -1, -1)	(96, 182, 171)	XYZ
(-1, -1, -1)	(148, 175, 115)	YXZ
(-1, -1, -1)	(167, 157, 112)	XYZ
(-1, -1, -1)	(91, 175, 183)	XYZ
(-1, -1, -1)	(135, 165, 130)	XYZ
(-1, -1, -1)	(160, 158, 114)	YXZ
(744, 850, 511)	(114, 140, 173)	XYZ
(-1, -1, -1)	(134, 155, 130)	YXZ
(-1, -1, -1)	(139, 109, 178)	XYZ
(-1, -1, -1)	(170, 148, 105)	XYZ
(-1, -1, -1)	(155, 132, 129)	XYZ
(-1, -1, -1)	(136, 178, 107)	ZYX
(-1, -1, -1)	(172, 88, 168)	XYZ
(-1, -1, -1)	(102, 151, 165)	XYZ
(-1, -1, -1)	(121, 173, 121)	XYZ
(-1, -1, -1)	(158, 97, 165)	XYZ
(-1, -1, -1)	(124, 174, 116)	XYZ
(-1, -1, -1)	(135, 122, 151)	ZXY
(-1, -1, -1)	(117, 177, 120)	XYZ
(-1, -1, -1)	(100, 163, 152)	XYZ
(-1, -1, -1)	(99, 154, 161)	XYZ
(-1, -1, -1)	(85, 154, 184)	ZXY
(-1, -1, -1)	(161, 165, 90)	XYZ
(-1, -1, -1)	(138, 118, 145)	YXZ
(-1, -1, -1)	(121, 140, 139)	XYZ
(-1, -1, -1)	(156, 97, 154)	XYZ
(-1, -1, -1)	(146, 130, 122)	XYZ
(354, 937, 0)	(166, 84, 165)	XYZ
(-1, -1, -1)	(126, 148, 123)	XZY
(-1, -1, -1)	(116, 184, 107)	XYZ
(-1, -1, -1)	(127, 143, 125)	XYZ
(-1, -1, -1)	(156, 100, 145)	YXZ
(-1, -1, -1)	(158, 169, 84)	XYZ
(-1, -1, -1)	(122, 100, 183)	XYZ
(-1, -1, -1)	(121, 166, 110)	XYZ
(-1, -1, -1)	(132, 149, 112)	XYZ
(-1, -1, -1)	(154, 173, 82)	XYZ
(-1, -1, -1)	(132, 127, 130)	XYZ
(-1, -1, -1)	(129, 108, 154)	ZYX
(-1, -1, -1)	(180, 90, 132)	XYZ
(-1, -1, -1)	(170, 98, 128)	XYZ
(-1, -1, -1)	(114, 162, 111)	XYZ
(-1, -1, -1)	(135, 125, 120)	XYZ
(-1, -1, -1)	(146, 110, 122)	XYZ
(-1, -1, -1)	(138, 88, 161)	XYZ
(-1, -1, -1)	(128, 168, 89)	XYZ
(744, 850, 684)	(93, 127, 161)	XYZ
(0, 669, 295)	(163, 81, 143)	XYZ
(0, 550, 901)	(169, 93, 119)	XYZ
(-1, -1, -1)	(108, 164, 105)	XYZ
(163, 669, 295)	(140, 75, 177)	XYZ
(-1, -1, -1)	(158, 100, 116)	XYZ
(-1, -1, -1)	(171, 107, 100)	XYZ
(-1, -1, -1)	(126, 139, 104)	XYZ
(-1, -1, -1)	(117, 147, 104)	ZYX
(520, 937, 0)	(113, 86, 182)	YZX
(-1, -1, -1)	(148, 96, 124)	XYZ
(-1, -1, -1)	(152, 166, 68)	XYZ
(-1, -1, -1)	(111, 161, 94)	ZYX
(0, 669, 438)	(135, 78, 158)	XZY
(0, 323, 372)	(167, 59, 168)	XYZ
(-1, -1, -1)	(91, 162, 112)	XYZ
(354, 937, 165)	(126, 81, 161)	XYZ
(-1, -1, -1)	(116, 136, 103)	XYZ
(744, 850, 845)	(92, 119, 148)	XYZ
(179, 751, 853)	(82, 117, 168)	XYZ
(-1, -1, -1)	(142, 79, 142)	XYZ
(-1, -1, -1)	(180, 97, 91)	XYZ
(354, 0, 962)	(159, 178, 56)	XYZ
(-1, -1, -1)	(184, 140, 61)	XYZ
(-1, -1, -1)	(92, 166, 102)	XYZ
(354, 594, 248)	(175, 56, 157)	XYZ
(529, 594, 248)	(184, 52, 159)	XYZ
(280, 0, 372)	(70, 134, 160)	XYZ
(-1, -1, -1)	(120, 164, 75)	XYZ
(-1, -1, -1)	(147, 88, 112)	XYZ
(163, 669, 472)	(111, 74, 176)	XYZ
(280, 134, 372)	(69, 136, 154)	XYZ
(-1, -1, -1)	(92, 173, 90)	XYZ
(642, 276, 514)	(75, 117, 163)	XYZ
(513, 0, 962)	(141, 183, 55)	XYZ
(744, 205, 808)	(161, 61, 144)	XYZ
(-1, -1, -1)	(153, 114, 81)	XYZ
(566, 276, 808)	(76, 145, 126)	XYZ
(642, 393, 514)	(69, 146, 137)	XYZ
(-1, -1, -1)	(115, 149, 80)	XYZ
(-1, -1, -1)	(180, 110, 69)	XYZ
(-1, -1, -1)	(128, 130, 82)	YXZ
(-1, -1, -1)	(164, 68, 121)	XYZ
(520, 937, 182)	(86, 86, 182)	XYZ
(661, 0, 697)	(55, 176, 139)	XYZ
(-1, -1, -1)	(112, 100, 120)	XYZ
(-1, -1, -1)	(107, 90, 136)	XYZ
(642, 276, 677)	(74, 97, 181)	XYZ
(280, 0, 532)	(63, 121, 167)	XYZ
(-1, -1, -1)	(184, 57, 119)	XYZ
(-1, -1, -1)	(135, 99, 93)	YZX
(178, 386, 901)	(63, 160, 122)	XYZ
(280, 134, 526)	(64, 127, 151)	XYZ
(910, 850, 0)	(71, 172, 100)	XYZ
(-1, -1, -1)	(163, 107, 70)	XYZ
(566, 421, 808)	(62, 160, 122)	XYZ
(-1, -1, -1)	(177, 72, 94)	XYZ
(-1, -1, -1)	(145, 112, 73)	XYZ
(-1, -1, -1)	(83, 124, 115)	ZXY
(280, 134, 677)	(62, 124, 148)	XYZ
(-1, -1, -1)	(162, 62, 111)	XYZ
(-1, -1, -1)	(111, 95, 101)	XYZ
(898, 560, 783)	(72, 141, 101)	XYZ
(-1, -1, -1)	(83, 122, 99)	XYZ
(-1, -1, -1)	(85, 101, 115)	XYZ
(179, 868, 853)	(77, 89, 142)	XYZ
(911, 306, 856)	(65, 155, 96)	XZY
(280, 270, 372)	(64, 116, 128)	XYZ
(-1, -1, -1)	(94, 96, 105)	YZX
(280, 0, 699)	(58, 98, 166)	XYZ
(-1, -1, -1)	(75, 160, 78)	XYZ
(-1, -1, -1)	(87, 139, 77)	XYZ
(-1, -1, -1)	(76, 103, 118)	XYZ
(-1, -1, -1)	(56, 179, 92)	XYZ
(0, 669, 596)	(131, 73, 96)	XYZ
(744, 560, 961)	(140, 119, 55)	XYZ
(-1, -1, -1)	(167, 83, 66)	XYZ
(-1, -1, -1)	(154, 80, 74)	XYZ
(-1, -1, -1)	(82, 118, 94)	XYZ
(354, 937, 326)	(111, 76, 107)	XYZ
(0, 669, 692)	(113, 67, 117)	XYZ
(-1, -1, -1)	(80, 106, 104)	XYZ
(167, 323, 372)	(88, 62, 161)	XYZ
(-1, -1, -1)	(81, 88, 121)	ZXY
(280, 270, 500)	(56, 87, 176)	XYZ
(661, 0, 836)	(54, 157, 101)	XYZ
(163, 669, 648)	(96, 69, 126)	XYZ
(-1, -1, -1)	(99, 99, 85)	XYZ
(-1, -1, -1)	(104, 81, 98)	XYZ
(-1, -1, -1)	(111, 115, 64)	XYZ
(642, 276, 858)	(71, 78, 146)	XYZ
(642, 393, 651)	(59, 134, 102)	XYZ
(-1, -1, -1)	(182, 63, 67)	XYZ
(-1, -1, -1)	(92, 151, 55)	XYZ
(566, 276, 934)	(69, 140, 79)	ZXY
(-1, -1, -1)	(89, 101, 84)	XYZ
(354, 937, 433)	(91, 72, 115)	XYZ
(163, 669, 774)	(91, 62, 132)	XYZ
(-1, -1, -1)	(141, 82, 63)	XYZ
(-1, -1, -1)	(104, 101, 69)	XYZ
(-1, -1, -1)	(78, 90, 101)	XYZ
(0, 323, 540)	(96, 54, 129)	XYZ
(520, 937, 364)	(85, 71, 108)	XYZ
(910, 850, 100)	(63, 168, 60)	XYZ
(898, 560, 884)	(72, 81, 105)	XYZ
(167, 323, 533)	(57, 62, 171)	ZXY
(-1, -1, -1)	(90, 89, 75)	XYZ
(-1, -1, -1)	(94, 82, 77)	XYZ
(-1, -1, -1)	(94, 72, 85)	XYZ
(280, 134, 825)	(59, 92, 105)	XZY
(566, 421, 930)	(60, 131, 70)	XYZ
(-1, -1, -1)	(101, 80, 67)	YXZ
(-1, -1, -1)	(75, 134, 53)	XYZ
(178, 546, 901)	(62, 90, 95)	XYZ
(-1, -1, -1)	(54, 185, 53)	XYZ
(642, 393, 753)	(55, 111, 86)	XYZ
(-1, -1, -1)	(81, 75, 86)	XYZ
(-1, -1, -1)	(116, 79, 56)	XYZ
(280, 0, 865)	(52, 83, 116)	XYZ
(354, 178, 962)	(151, 57, 57)	XYZ
(898, 701, 783)	(65, 76, 99)	ZYX
(744, 205, 952)	(147, 57, 58)	YZX
(513, 183, 962)	(111, 69, 57)	XYZ
(0, 669, 809)	(69, 64, 97)	YZX
(0, 669, 906)	(64, 64, 104)	XYZ
(354, 937, 548)	(91, 68, 67)	XZY
(744, 679, 961)	(119, 59, 59)	XYZ
(96, 323, 540)	(52, 53, 150)	YZX
(280, 134, 930)	(58, 79, 86)	XYZ
(520, 937, 472)	(74, 64, 79)	XYZ
(163, 669, 906)	(66, 56, 99)	XYZ
(167, 323, 704)	(54, 60, 94)	ZXY
(0, 323, 669)	(52, 54, 103)	XYZ
(354, 594, 405)	(75, 56, 65)	XYZ
