Найден на шаге: 53
Энергетическая функция: 0.7252
(0, 0, 0)	(354, 386, 372)	XYZ
(354, 0, 0)	(390, 276, 358)	XYZ
(354, 276, 0)	(379, 375, 248)	XYZ
(0, 0, 372)	(323, 365, 280)	XYZ
(0, 386, 0)	(306, 365, 295)	XYZ
(354, 0, 358)	(368, 263, 339)	XYZ
(0, 0, 652)	(266, 318, 367)	ZYX
(354, 276, 248)	(334, 286, 276)	XYZ
(0, 386, 295)	(305, 283, 304)	XYZ
(354, 651, 0)	(288, 306, 294)	XYZ
(354, 651, 294)	(286, 289, 285)	XYZ
(744, 0, 0)	(268, 322, 262)	XYZ
(0, 751, 0)	(306, 239, 306)	XYZ
(354, 276, 524)	(296, 285, 260)	XYZ
(0, 386, 599)	(302, 268, 268)	ZXY
(-1, -1, -1)	(293, 304, 240)	XYZ
(354, 0, 697)	(307, 254, 265)	XYZ
(744, 0, 262)	(251, 306, 261)	XYZ
(744, 322, 0)	(232, 290, 293)	XYZ
(354, 651, 579)	(238, 274, 286)	XYZ
(744, 0, 523)	(251, 254, 287)	XYZ
(-1, -1, -1)	(289, 253, 250)	XYZ
(744, 612, 0)	(218, 304, 275)	ZYX
(-1, -1, -1)	(236, 263, 289)	ZXY
(-1, -1, -1)	(252, 254, 272)	XYZ
(354, 276, 784)	(254, 285, 234)	XYZ
(0, 751, 306)	(277, 236, 257)	XYZ
(-1, -1, -1)	(290, 208, 269)	ZYX
(-1, -1, -1)	(239, 290, 234)	XYZ
(-1, -1, -1)	(249, 240, 269)	XYZ
(-1, -1, -1)	(277, 238, 243)	XYZ
(744, 322, 293)	(225, 279, 254)	YXZ
(-1, -1, -1)	(278, 262, 217)	XYZ
(0, 751, 563)	(251, 222, 279)	XYZ
(-1, -1, -1)	(226, 278, 246)	XYZ
(-1, -1, -1)	(300, 235, 217)	ZXY
(-1, -1, -1)	(226, 223, 303)	XYZ
(-1, -1, -1)	(307, 232, 214)	YZX
(-1, -1, -1)	(247, 244, 245)	XYZ
(-1, -1, -1)	(269, 251, 217)	XYZ
(-1, -1, -1)	(223, 284, 231)	YXZ
(744, 612, 275)	(214, 295, 222)	XYZ
(-1, -1, -1)	(238, 222, 253)	XYZ
(744, 322, 547)	(211, 222, 283)	XZY
(-1, -1, -1)	(235, 234, 234)	XYZ
(-1, -1, -1)	(215, 212, 281)	XYZ
(744, 0, 810)	(212, 205, 211)	XYZ
(0, 751, 842)	(154, 182, 178)	XYZ
(0, 386, 867)	(179, 182, 153)	XYZ
(354, 651, 865)	(167, 180, 159)	XYZ
(744, 322, 830)	(166, 167, 163)	XYZ
(744, 612, 497)	(151, 159, 183)	XYZ
(-1, -1, -1)	(184, 142, 165)	XYZ
(744, 612, 680)	(150, 155, 182)	XYZ
(-1, -1, -1)	(153, 152, 170)	XYZ
(-1, -1, -1)	(127, 176, 174)	XZY
(-1, -1, -1)	(161, 179, 133)	XYZ
(-1, -1, -1)	(120, 181, 176)	XYZ
(-1, -1, -1)	(168, 168, 133)	XYZ
(-1, -1, -1)	(129, 181, 158)	XYZ
(-1, -1, -1)	(174, 134, 155)	XYZ
(-1, -1, -1)	(174, 163, 125)	XZY
(-1, -1, -1)	(147, 163, 147)	XYZ
(-1, -1, -1)	(163, 132, 162)	XYZ
(-1, -1, -1)	(141, 147, 166)	XYZ
(-1, -1, -1)	(178, 164, 117)	XYZ
(-1, -1, -1)	(129, 176, 143)	XYZ
(-1, -1, -1)	(126, 137, 183)	ZXY
(-1, -1, -1)	(166, 119, 158)	XYZ
(-1, -1, -1)	(183, 144, 114)	XYZ
(154, 751, 842)	(96, 182, 171)	XYZ
(-1, -1, -1)	(175, 148, 115)	XYZ
(-1, -1, -1)	(167, 157, 112)	XYZ
(642, 651, 0)	(91, 175, 183)	XYZ
(744, 771, 497)	(135, 130, 165)	XZY
(-1, -1, -1)	(158, 160, 114)	XYZ
(-1, -1, -1)	(114, 140, 173)	XYZ
(-1, -1, -1)	(155, 134, 130)	XYZ
(-1, -1, -1)	(139, 109, 178)	XYZ
(-1, -1, -1)	(170, 148, 105)	XYZ
(-1, -1, -1)	(155, 132, 129)	XYZ
(179, 386, 867)	(107, 178, 136)	XYZ
(-1, -1, -1)	(168, 172, 88)	ZXY
(-1, -1, -1)	(102, 151, 165)	XYZ
(-1, -1, -1)	(121, 173, 121)	XYZ
(744, 916, 0)	(158, 97, 165)	XYZ
(-1, -1, -1)	(124, 174, 116)	XYZ
(744, 612, 862)	(135, 122, 151)	ZXY
(-1, -1, -1)	(117, 177, 120)	XYZ
(-1, -1, -1)	(100, 163, 152)	XYZ
(-1, -1, -1)	(99, 161, 154)	XZY
(-1, -1, -1)	(154, 184, 85)	XYZ
(-1, -1, -1)	(161, 165, 90)	XYZ
(-1, -1, -1)	(118, 138, 145)	XYZ
(-1, -1, -1)	(121, 140, 139)	XYZ
(744, 916, 165)	(156, 97, 154)	XYZ
(-1, -1, -1)	(146, 130, 122)	XYZ
(354, 562, 248)	(166, 84, 165)	XYZ
(744, 771, 662)	(126, 123, 148)	XYZ
(-1, -1, -1)	(116, 184, 107)	XYZ
(-1, -1, -1)	(125, 127, 143)	XYZ
(-1, -1, -1)	(100, 156, 145)	XYZ
(-1, -1, -1)	(158, 169, 84)	XYZ
(744, 771, 810)	(122, 100, 183)	XYZ
(-1, -1, -1)	(121, 166, 110)	XYZ
(-1, -1, -1)	(132, 149, 112)	XYZ
(-1, -1, -1)	(154, 173, 82)	XYZ
(-1, -1, -1)	(132, 127, 130)	XYZ
(-1, -1, -1)	(154, 108, 129)	XYZ
(-1, -1, -1)	(180, 90, 132)	XYZ
(-1, -1, -1)	(170, 98, 128)	XYZ
(-1, -1, -1)	(114, 162, 111)	XYZ
(-1, -1, -1)	(135, 125, 120)	XYZ
(-1, -1, -1)	(146, 110, 122)	XYZ
(520, 562, 248)	(138, 88, 161)	XYZ
(642, 651, 183)	(89, 168, 128)	ZYX
(354, 831, 865)	(161, 93, 127)	ZXY
(0, 669, 295)	(163, 81, 143)	XYZ
(-1, -1, -1)	(169, 93, 119)	XYZ
(-1, -1, -1)	(108, 164, 105)	XYZ
(163, 669, 295)	(140, 75, 177)	XYZ
(-1, -1, -1)	(158, 100, 116)	XYZ
(-1, -1, -1)	(171, 107, 100)	XYZ
(-1, -1, -1)	(126, 139, 104)	XYZ
(-1, -1, -1)	(117, 104, 147)	ZXY
(-1, -1, -1)	(182, 113, 86)	XYZ
(-1, -1, -1)	(148, 124, 96)	XZY
(-1, -1, -1)	(152, 166, 68)	XYZ
(-1, -1, -1)	(94, 161, 111)	XYZ
(-1, -1, -1)	(135, 158, 78)	XYZ
(354, 957, 0)	(167, 59, 168)	XYZ
(642, 826, 0)	(91, 162, 112)	XYZ
(0, 669, 438)	(126, 81, 161)	XYZ
(-1, -1, -1)	(116, 136, 103)	XYZ
(-1, -1, -1)	(92, 119, 148)	XYZ
(642, 651, 311)	(82, 117, 168)	XYZ
(0, 568, 867)	(142, 79, 142)	XYZ
(-1, -1, -1)	(180, 91, 97)	XZY
(354, 0, 962)	(159, 178, 56)	XYZ
(-1, -1, -1)	(184, 140, 61)	XYZ
(-1, -1, -1)	(92, 166, 102)	XYZ
(744, 544, 547)	(175, 56, 157)	XYZ
(744, 254, 523)	(184, 52, 159)	XYZ
(354, 562, 413)	(160, 70, 134)	ZXY
(-1, -1, -1)	(120, 164, 75)	XYZ
(-1, -1, -1)	(112, 147, 88)	ZXY
(642, 826, 112)	(74, 111, 176)	YXZ
(521, 651, 865)	(69, 136, 154)	XYZ
(-1, -1, -1)	(92, 173, 90)	XYZ
(642, 651, 479)	(75, 117, 163)	XYZ
(513, 0, 962)	(141, 183, 55)	XYZ
(-1, -1, -1)	(161, 61, 144)	XYZ
(-1, -1, -1)	(153, 114, 81)	XYZ
(-1, -1, -1)	(76, 145, 126)	XYZ
(-1, -1, -1)	(69, 146, 137)	XYZ
(0, 669, 599)	(115, 80, 149)	XZY
(-1, -1, -1)	(180, 110, 69)	XYZ
(520, 562, 409)	(130, 82, 128)	XZY
(-1, -1, -1)	(121, 164, 68)	YXZ
(744, 916, 319)	(86, 86, 182)	XYZ
(266, 0, 652)	(55, 176, 139)	XYZ
(-1, -1, -1)	(120, 112, 100)	ZXY
(-1, -1, -1)	(90, 136, 107)	YZX
(163, 669, 472)	(97, 74, 181)	YXZ
(895, 612, 497)	(63, 121, 167)	XYZ
(-1, -1, -1)	(184, 57, 119)	XYZ
(-1, -1, -1)	(93, 135, 99)	XYZ
(-1, -1, -1)	(122, 160, 63)	ZYX
(521, 787, 865)	(64, 127, 151)	XYZ
(-1, -1, -1)	(71, 172, 100)	XYZ
(-1, -1, -1)	(163, 107, 70)	XYZ
(354, 562, 547)	(160, 62, 122)	YXZ
(-1, -1, -1)	(177, 72, 94)	XYZ
(-1, -1, -1)	(145, 112, 73)	XYZ
(-1, -1, -1)	(124, 115, 83)	XYZ
(895, 733, 497)	(62, 124, 148)	XYZ
(-1, -1, -1)	(162, 62, 111)	XYZ
(-1, -1, -1)	(111, 95, 101)	XYZ
(-1, -1, -1)	(72, 141, 101)	XYZ
(-1, -1, -1)	(83, 122, 99)	XYZ
(-1, -1, -1)	(85, 101, 115)	XYZ
(179, 564, 867)	(77, 89, 142)	XYZ
(642, 826, 288)	(65, 96, 155)	XYZ
(642, 651, 642)	(64, 116, 128)	XYZ
(-1, -1, -1)	(105, 94, 96)	XYZ
(661, 0, 697)	(58, 98, 166)	XYZ
(-1, -1, -1)	(160, 78, 75)	YZX
(-1, -1, -1)	(87, 139, 77)	XYZ
(520, 562, 537)	(118, 76, 103)	ZXY
(-1, -1, -1)	(56, 179, 92)	XYZ
(163, 669, 653)	(96, 73, 131)	ZYX
(-1, -1, -1)	(140, 119, 55)	XYZ
(-1, -1, -1)	(167, 83, 66)	XYZ
(-1, -1, -1)	(154, 74, 80)	XYZ
(-1, -1, -1)	(82, 118, 94)	XYZ
(0, 669, 748)	(111, 76, 107)	XYZ
(521, 957, 0)	(113, 67, 117)	XYZ
(-1, -1, -1)	(80, 106, 104)	XYZ
(163, 669, 784)	(88, 62, 161)	XYZ
(-1, -1, -1)	(88, 121, 81)	XYZ
(661, 98, 697)	(56, 87, 176)	XYZ
(266, 0, 791)	(54, 157, 101)	XYZ
(0, 669, 855)	(96, 69, 126)	XYZ
(-1, -1, -1)	(99, 99, 85)	XYZ
(-1, -1, -1)	(104, 81, 98)	XYZ
(521, 957, 117)	(111, 64, 115)	XZY
(744, 916, 501)	(71, 78, 146)	XYZ
(354, 957, 168)	(102, 59, 134)	ZXY
(-1, -1, -1)	(63, 182, 67)	YXZ
(-1, -1, -1)	(92, 151, 55)	XYZ
(-1, -1, -1)	(140, 79, 69)	XYZ
(-1, -1, -1)	(89, 101, 84)	XYZ
(520, 562, 640)	(91, 72, 115)	XYZ
(-1, -1, -1)	(91, 132, 62)	XZY
(-1, -1, -1)	(141, 82, 63)	XYZ
(-1, -1, -1)	(104, 101, 69)	XYZ
(-1, -1, -1)	(78, 90, 101)	XYZ
(354, 957, 302)	(96, 54, 129)	XYZ
(520, 562, 755)	(85, 71, 108)	XYZ
(-1, -1, -1)	(63, 168, 60)	XYZ
(-1, -1, -1)	(72, 81, 105)	XYZ
(354, 562, 669)	(57, 62, 171)	ZXY
(-1, -1, -1)	(75, 89, 90)	ZYX
(-1, -1, -1)	(82, 94, 77)	YXZ
(-1, -1, -1)	(94, 72, 85)	XYZ
(521, 957, 232)	(92, 59, 105)	ZXY
(-1, -1, -1)	(60, 131, 70)	XYZ
(-1, -1, -1)	(67, 101, 80)	ZYX
(-1, -1, -1)	(75, 134, 53)	XYZ
(642, 826, 443)	(62, 90, 95)	XYZ
(266, 176, 652)	(54, 185, 53)	XYZ
(642, 651, 770)	(55, 111, 86)	XYZ
(-1, -1, -1)	(81, 75, 86)	XYZ
(-1, -1, -1)	(116, 79, 56)	XYZ
(266, 0, 892)	(52, 83, 116)	XYZ
(354, 178, 962)	(151, 57, 57)	XZY
(-1, -1, -1)	(99, 76, 65)	XYZ
(-1, -1, -1)	(58, 147, 57)	XYZ
(513, 183, 962)	(111, 69, 57)	XYZ
(-1, -1, -1)	(97, 69, 64)	XYZ
(520, 562, 863)	(64, 64, 104)	XYZ
(-1, -1, -1)	(91, 67, 68)	XYZ
(-1, -1, -1)	(119, 59, 59)	XYZ
(744, 254, 682)	(150, 52, 53)	XYZ
(661, 0, 863)	(58, 79, 86)	XYZ
(-1, -1, -1)	(74, 64, 79)	XYZ
(-1, -1, -1)	(99, 66, 56)	ZXY
(902, 916, 0)	(60, 94, 54)	XYZ
(266, 176, 705)	(52, 54, 103)	XYZ
(163, 669, 945)	(75, 56, 65)	XYZ
